Canyon 1
1 03334U 68063A   16273.98799302 0.00000000  00000-0  00000-0 0    05
2 03334  13.8288 325.6246 0928977 129.9007 238.6388  0.99244108    08
Canyon 2
1 03889U 69036A   16295.35238603 0.00000000  00000-0  00000-0 0    08
2 03889   6.5884  75.4077 0898823  92.9822 277.3264  1.00403061    07
Rhyolite 1
1 04418U 70046A   16326.46256864 0.00000000  00000-0  00000-0 0    06
2 04418   6.0897 301.7483 0005114 166.2012 193.8247  1.00244086    03
Canyon 3
1 04510U 70069A   16323.83464613 0.00000000  00000-0  00000-0 0    05
2 04510  13.4397 255.0903 0840455 321.9513  32.3892  1.00153895    02
DSP F2
1 05204U 71039A   16335.91445770 0.00000000  00000-0  00000-0 0    09
2 05204   8.0480 308.9647 0022686 277.8694  81.8852  0.98155624    09
DSP F2 r
1 05205U 71039B   16094.36326744 0.00000000  00000-0  00000-0 0    00
2 05205   6.9863 306.2275 0031427   9.1079 350.9609  1.00395252    03
NOSS 0 (A)
1 05678U 71110A   14246.05611296 0.00000067  00000-0  71411-4 0    07
2 05678  69.9760 257.1462 0007000 189.3896 170.6103 13.73911638    03
NOSS 0 r
1 05679U 71110B   16334.21825074 0.00000040  00000-0  35151-4 0    09
2 05679  69.9900 123.6852 0011000 246.8696 113.1304 13.85282981    02
NOSS 0 (C)
1 05680U 71110C   16251.85918875 0.00000040  00000-0  42235-4 0    02
2 05680  69.9820 166.4253 0007500 329.3916  30.6084 13.74471537    00
NOSS 0 (D)
1 05681U 71110D   14217.09997100 0.00000055  00000-0  58228-4 0    02
2 05681  69.9815 305.7901 0007000 187.8851 172.1149 13.74314432    07
NOSS 0 (E)
1 05682U 71110E   15360.67056984 0.00000050  00000-0  52894-4 0    01
2 05682  69.9813 336.6144 0007000 272.8618  87.1381 13.74359786    08
DSP F3
1 05851U 72010A   16335.89802485 0.00000000  00000-0  00000-0 0    04
2 05851   7.8705 307.1479 0011809 272.4974  87.3795  0.99766771    04
DSP F3 r
1 05854U 72010B   16297.18271579 0.00000000  00000-0  00000-0 0    00
2 05854   7.3848 306.1019 0057810  53.4270 307.1156  1.00663463    08
Canyon 5
1 06317U 72101A   15114.23693312 0.00000000  00000-0  00000-0 0    02
2 06317  18.3045 313.6765 1332771 330.6905  22.4502  1.00294594    00
Canyon 5 r
1 06318U 72101B   16344.83437713 0.00000000  00000-0  00000-0 0    06
2 06318  16.0730 298.7584 1259025  45.4255 324.2266  1.02314851    09
Rhyolite 2
1 06380U 73013A   16362.38274094 0.00000000  00000-0  00000-0 0    09
2 06380   8.4828 308.4181 0031297 174.3806 185.6667  1.00265917    05
DSP F4
1 06691U 73040A   16320.89483313 0.00000000  00000-0  00000-0 0    00
2 06691   9.0619 306.6388 0012455 272.5180  87.3515  0.99816776    07
DMSP 7
1 07816U 75043A   16354.70859627 0.00000120  00000-0  52136-4 0    01
2 07816  98.7760 169.2349 0051500 143.7131 216.2867 14.23482289    01
Canyon 6
1 07963U 75055A   16099.27816181 0.00000000  00000-0  00000-0 0    09
2 07963  18.9367 313.6535 1296370 303.8735  44.4572  1.00280227    02
Canyon 6 r
1 07964U 75055B   16334.28849026 0.00000000  00000-0  00000-0 0    07
2 07964  17.3866 304.9873 1331466  11.3065 351.4149  1.02086300    00
DSP F5
1 08482U 75118A   16278.80339185 0.00000000  00000-0  00000-0 0    08
2 08482  10.4764 312.8091 0034178 267.5046  92.1161  1.00464620    06
DSP F5 r2
1 08516U 75118C   16273.97789014 0.00000000  00000-0  00000-0 0    09
2 08516  10.4355 312.9143 0009004 108.6133 251.4965  1.00535191    05
NOSS 1 (A)
1 08818U 76038A   16277.77533982 0.00002000  00000-0  12171-3 0    06
2 08818  63.2790 255.0639 0809700 133.7337 226.2663 13.80406217    04
NOSS 1 (C)
1 08835U 76038C   16352.21795166 0.00001300  00000-0  19887-3 0    05
2 08835  63.2563 101.1970 0680789 126.8874 233.1126 13.80022970    04
NOSS 1 (D)
1 08836U 76038D   16345.20791714 0.00002000  00000-0  13557-3 0    08
2 08836  63.3005 105.8293 0781247 121.9201 238.0799 13.83538863    03
NOSS 1 (J)
1 08884U 76038J   16027.73978949 0.00001300  00000-0  13591-3 0    03
2 08884  63.2920 277.4189 0744960 122.3615 237.6385 13.79058812    08
DSP F6
1 08916U 76059A   16335.91004703 0.00000000  00000-0  00000-0 0    06
2 08916  11.4117 315.5941 0005076 192.3004 167.6993  0.99469891    02
DSP F6 r2
1 08918U 76059C   16099.38828861 0.00000000  00000-0  00000-0 0    05
2 08918  11.1340 316.1725 0012041 152.6453 207.4235  1.00546866    06
AMS 1(DMSP F1)
1 09415U 76091A   16256.97534461 0.00000050  00000-0  20824-4 0    09
2 09415  98.5502 149.9939 0018000 303.5988  56.4011 14.26296143    04
DSP F7
1 09803U 77007A   16335.97122030 0.00000000  00000-0  00000-0 0    06
2 09803  12.5718 321.6366 0083831 304.7941  54.4318  0.97528846    08
DSP F7 r2
1 09855U 77007C   16335.93652297 0.00000000  00000-0  00000-0 0    02
2 09855  11.3968 315.9370 0017229 298.1226  61.7154  1.00206016    06
DSP F7 Cover
1 09856U 77007D   14115.47134620 0.00000000  00000-0  00000-0 0    01
2 09856  12.3628 324.0873 0234341 358.7278   1.2255  1.00592841    01
Canyon 7
1 10016U 77038A   16351.56653756 0.00000000  00000-0  00000-0 0    05
2 10016  11.5656 349.6602 1243831  50.0336 320.2537  1.00308617    01
AMS 2(DMSP F2)
1 10033U 77044A   16363.27918313 0.00000090  00000-0  35230-4 0    01
2 10033  99.1657 202.0612 0038997 151.0375 208.9624 14.29140591    04
NOSS 2 (A)
1 10502U 77112A   16037.98731481 0.00020000  00000-0  31445-3 0    09
2 10502  63.3118  35.8279 0891460 101.1093 258.8907 13.91229583    01
Rhyolite 3
1 10508U 77114A   16350.85915143 0.00000000  00000-0  00000-0 0    08
2 10508  17.6911 325.2098 0017805 277.3473  82.4624  1.00176896    08
NOSS 2 (D)
1 10529U 77112D   16261.81734232 0.00003700  00000-0  20984-3 0    00
2 10529  63.2828 159.9408 0828581 103.0568 256.9431 13.78226620    06
NOSS 2 (E)
1 10544U 77112E   15133.93604623 0.00014500  00000-0  82148-3 0    07
2 10544  63.2890  78.1479 0859351  93.1480 266.8520 13.71858504    07
NOSS 2 (F)
1 10594U 77112F   16340.67554824 0.00006500  00000-0  29615-3 0    02
2 10594  63.2890 282.5260 0816393 101.4246 258.5754 13.85946766    03
FleetSatCom 1
1 10669U 78016A   16321.04489563 0.00000000  00000-0  00000-0 0    09
2 10669  14.3237 330.0120 0007982 216.3244 143.6334  0.99003912    08
Rhyolite 4
1 10787U 78038A   16361.66094996 0.00000000  00000-0  00000-0 0    08
2 10787   9.5693 331.1334 0024757 233.9954 125.8379  1.00468438    04
Vortex 1
1 10941U 78058A   16278.95945470 0.00000000  00000-0  00000-0 0    03
2 10941   7.3607  29.5559 1433055 347.4410   9.3425  1.00107077    05
Vortex 1 r
1 10942U 78058B   16363.87244333 0.00000000  00000-0  00000-0 0    00
2 10942   7.3609  29.0158 1511953  57.4628 316.2831  0.99631667    06
AMS 4(DMSP F4)
1 11389U 79050A   16363.74764662 0.00000060  00000-0  24315-4 0    02
2 11389  98.3365  28.5318 0013055 246.2398 113.7600 14.27744530    08
DSP F8
1 11397U 79053A   16320.94515573 0.00000000  00000-0  00000-0 0    09
2 11397  14.1648 332.4662 0011471 205.2436 154.7123  0.98748350    06
DSP F8 r2
1 11436U 79053C   16329.30854603 0.00000000  00000-0  00000-0 0    02
2 11436  13.8904 331.2578 0058935 203.9258 155.8113  0.99446876    07
Vortex 2
1 11558U 79086A   16205.47437534 0.00000000  00000-0  00000-0 0    04
2 11558   6.7575 353.5869 1224435  28.1197 337.9914  1.00142200    06
Vortex 2 r2
1 11560U 79086C   16326.06542718 0.00000000  00000-0  00000-0 0    07
2 11560   6.9383 351.7859 1350606  83.7545 291.4170  0.99671870    06
NOSS 3 (A)
1 11720U 80019A   15269.10951113 0.00005500  00000-0  26354-3 0    09
2 11720  63.3701 167.1688 0911540  26.9164 333.0836 13.64852863    00
NOSS 3 (C)
1 11731U 80019C   16238.83989198 0.00003000  00000-0  95091-4 0    00
2 11731  63.3279 246.5142 0918535  46.8328 313.1672 13.72246182    00
NOSS 3 (D)
1 11732U 80019D   14301.73967610 0.00010000  00000-0  34674-3 0    01
2 11732  63.3319 268.8810 0943916  28.4252 331.5748 13.65004396    07
NOSS 3 (G)
1 11745U 80019G   16339.18218639 0.00005000  00000-0  35659-3 0    05
2 11745  63.3370 103.5893 0869348  25.8520 334.1480 13.64122666    01
KH 9-16 Elint
1 11852U 80052C   15098.95620453 0.00000000  00000-0  00000-0 0    02
2 11852  96.6070 194.5984 0001500 307.4883  52.5116 12.83314142    05
Ekran 5
1 11890U 80060A   14236.00556809 0.00000000  00000-0  00000-0 0    05
2 11890  13.8482 334.2647 0009966  96.7614 263.3640  1.00240910    00
DSP F4 r
1 11940U 73040B   16363.50198571 0.00000000  00000-0  00000-0 0    07
2 11940   9.1761 306.8338 0032974 321.3187  38.4718  0.99555756    04
FleetSatCom 4
1 12046U 80087A   16325.94306922 0.00000000  00000-0  00000-0 0    01
2 12046  14.3663 337.5991 0006839 284.3977  75.5384  0.98946635    03
DSP F9
1 12339U 81025A   16350.97561221 0.00000000  00000-0  00000-0 0    05
2 12339  14.4308 337.6907 0018946 204.4656 155.4564  0.98824718    07
DSP F9 r2
1 12371U 81025C   16325.94291630 0.00000000  00000-0  00000-0 0    04
2 12371  13.2789 334.2402 0054438 228.9289 130.6117  1.01331569    06
Vortex 3
1 12930U 81107A   16340.07801933 0.00000000  00000-0  00000-0 0    00
2 12930   7.6773 354.0668 0889764 324.0969  30.2412  1.00364661    03
Vortex 3 r2
1 12932U 81107C   16246.17757970 0.00000000  00000-0  00000-0 0    09
2 12932   7.3574 347.2476 0989998  72.2305 298.3277  0.99597188    03
DSP F10
1 13086U 82019A   16340.14403807 0.00000000  00000-0  00000-0 0    02
2 13086  15.2282 341.7791 0011441 232.3315 127.6427  0.98185118    02
DSP F10 r
1 13089U 82019B   16332.39847682 0.00000000  00000-0  00000-0 0    06
2 13089  13.8611 337.1151 0009662  44.9128 315.1773  1.01255479    06
KH 9-17 Elint
1 13172U 82041C   16361.72928254 0.00000400  00000-0  42594-4 0    00
2 13172  95.9542 172.5736 0004000 333.6736  26.3263 14.89001053    09
DSCS 3-1
1 13637U 82106B   16268.91411686 0.00000000  00000-0  00000-0 0    09
2 13637  15.4129   2.8635 0017858 115.2042 244.9705  0.97826607    08
NOSS 4 (A)
1 13791U 83008A   16352.68081676 0.00001700  00000-0  13260-3 0    05
2 13791  63.3044 327.3908 0901535  69.8557 290.1443 13.55217345    07
NOSS 4 (E)
1 13844U 83008E   16253.10760348 0.00001500  00000-0  15203-3 0    08
2 13844  63.3130 260.6195 0895264  55.1322 304.8678 13.49595416    02
NOSS 4 (F)
1 13845U 83008F   15055.14030311 0.00003000  00000-0  30321-3 0    07
2 13845  63.3150 301.3441 0901753  65.3468 294.6531 13.48351085    02
NOSS 4 (H)
1 13874U 83008H   16279.74621072 0.00001700  00000-0  14160-3 0    02
2 13874  63.3000 180.2619 0902641  71.3736 288.6264 13.53300000    04
NOSS 5 (A)
1 14112U 83056A   16355.76054496 0.00001900  00000-0  16057-3 0    07
2 14112  63.3070 189.4091 0898949  67.6779 292.3221 13.53681163    09
KH 9-18 Elint
1 14139U 83060C   07163.64774262 0.00000023  00000-0  83610-4 0    00
2 14139  96.6588 162.8700 0001784 357.9710   2.0289 12.93732462    08
NOSS 5 (C)
1 14143U 83056C   16318.99196889 0.00001000  00000-0  89455-4 0    02
2 14143  63.2893 300.9975 0912152  66.0148 293.9852 13.49487870    03
NOSS 5 (D)
1 14144U 83056D   15101.87020700 0.00002100  00000-0  20120-3 0    02
2 14144  63.3170  37.8972 0916936  56.8501 303.1499 13.46693507    04
NOSS 5 (G)
1 14180U 83056G   15266.08739443 0.00001500  00000-0  15415-3 0    02
2 14180  63.3230 329.2048 0899915  57.5193 302.4807 13.48272908    00
Vortex 4
1 14675U 84009A   16346.77168537 0.00000000  00000-0  00000-0 0    01
2 14675   7.6251 350.2448 1014524 345.5524  11.8349  1.00292518    01
Vortex 4 r2
1 14677U 84009C   16274.07530872 0.00000000  00000-0  00000-0 0    01
2 14677   8.0298 351.9781 0999359  48.8062 319.4208  0.99442210    08
NOSS 6 (A)
1 14690U 84012A   15107.96030409 0.00005000  00000-0  53069-3 0    04
2 14690  63.3320  94.2704 0894942  45.8529 314.1471 13.48398437    05
NOSS 6 (C)
1 14728U 84012C   16267.75228685 0.00002500  00000-0  20606-3 0    09
2 14728  63.2960 170.4280 0920777  60.9166 299.0834 13.49845620    09
NOSS 6 (D)
1 14729U 84012D   16330.22159253 0.00000750  00000-0  77377-4 0    00
2 14729  63.3010   4.3585 0895964  65.3077 294.6923 13.48968385    02
NOSS 6 (F)
1 14795U 84012F   16330.17332125 0.00001900  00000-0  23717-3 0    04
2 14795  63.2830   8.1442 0865178  61.5180 298.4820 13.49837049    06
DSP F11
1 14930U 84037A   16326.10289038 0.00000000  00000-0  00000-0 0    01
2 14930  15.4070 347.7305 0011928 198.6752 161.3077  0.98674496    02
DSP F11 r
1 14931U 84037B   16290.11599856 0.00000000  00000-0  00000-0 0    05
2 14931  14.3039 344.8378 0032213 226.1917 133.5535  1.01160125    08
USA 3
1 15071U 84065C   16270.16107941 0.00001150  00000-0  11302-3 0    02
2 15071  95.8966 234.4877 0002996 113.4641 246.5357 14.92225134    05
Canyon 7 r
1 15422U 77038C   16288.20520646 0.00000000  00000-0  00000-0 0    02
2 15422  11.0032 348.4686 1494917  95.4902 281.6990  1.02326265    08
DSP F12
1 15453U 84129A   16098.71343114 0.00000000  00000-0  00000-0 0    03
2 15453  16.0625 355.7554 0005123 200.3230 159.6806  0.98846500    00
DSP F12 r
1 15454U 84129B   16357.29015217 0.00000000  00000-0  00000-0 0    05
2 15454  15.2038 349.8133 0006477 165.7433 194.2870  1.01148420    06
Magnum 1
1 15543U 85010B   16340.20763353 0.00000000  00000-0  00000-0 0    08
2 15543  17.6780 351.1068 0127740 310.4883  48.5281  0.99813296    06
Magnum 1 r2
1 15545U 85010D   16351.01296340 0.00000000  00000-0  00000-0 0    08
2 15545  17.7469 351.2904 0030305 206.4344 153.4228  1.00821382    04
DSCS 3-2
1 16116U 85092B   16346.84886673 0.00000000  00000-0  00000-0 0    02
2 16116  15.1942  16.0390 0001998 296.3950  63.5966  0.98988952    02
DSCS 3-3
1 16117U 85092C   16332.46680507 0.00000000  00000-0  00000-0 0    04
2 16117  15.0527  17.5204 0003585 118.7909 241.2572  0.99323993    03
DSCS 3-2 r2
1 16119U 85092E   16246.29595157 0.00000000  00000-0  00000-0 0    07
2 16119  15.1331 349.9009 0053006  85.0525 275.5645  1.01081545    06
NOSS 7 (A)
1 16591U 86014A   16251.85985552 0.00000400  00000-0  53438-4 0    07
2 16591  63.3150 192.5470 0869635  44.9883 315.0117 13.46968219    00
NOSS 7 P/S
1 16592U 86014B   15105.10231904 0.00003500  00000-0  16051-2 0    00
2 16592  63.3160  10.7169 0540649  97.1787 262.8213 13.64013249    02
NOSS 7 (D)
1 16623U 86014D   16330.21056288 0.00000350  00000-0  49168-4 0    05
2 16623  63.3130   7.3060 0872941  53.8790 306.1210 13.44827251    05
NOSS 7 (E)
1 16624U 86014E   16354.73858185 0.00000600  00000-0  81756-4 0    02
2 16624  63.3130 302.0307 0875475  53.8124 306.1876 13.45219457    03
NOSS 7 (H)
1 16631U 86014H   16245.98384671 0.00000700  00000-0  94558-4 0    05
2 16631  63.3185 231.8928 0876626  44.0225 316.1493 13.45243653    03
FleetSatCom 7
1 17181U 86096A   16266.74107602 0.00000000  00000-0  00000-0 0    08
2 17181  14.7111   9.1749 0023795 159.0970 201.0142  1.00270000    02
NOSS 8 (A)
1 17997U 87043A   16355.97696676 0.00001150  00000-0  16062-3 0    09
2 17997  63.3230 192.2463 0862705  44.0524 315.9476 13.47044133    01
NOSS 8 (E)
1 18009U 87043E   16060.04566311 0.00000600  00000-0  10298-3 0    01
2 18009  63.3360 279.2413 0846004  36.8895 323.1105 13.44080664    01
NOSS 8 (F)
1 18010U 87043F   16048.74537040 0.00002000  00000-0  35388-3 0    06
2 18010  63.3360 308.7382 0841000  38.0642 321.9358 13.44109041    08
NOSS 8 (H)
1 18025U 87043H   16056.79399469 0.00001600  00000-0  27250-3 0    01
2 18025  63.3412 291.4660 0847997  33.0258 326.9742 13.43928678    04
DSP F13
1 18583U 87097A   16354.98356106 0.00000000  00000-0  00000-0 0    06
2 18583  14.4926   4.7629 0024415 193.7429 166.2026  0.98382230    00
DSP F13 r
1 18584U 87097B   16296.11456495 0.00000000  00000-0  00000-0 0    09
2 18584  13.7446   2.2326 0010714 191.7274 168.2597  1.01238540    04
USA 32
1 19460U 88078A   16346.72895441 0.00000070  00000-0  25409-4 0    05
2 19460  84.9883 330.8327 0007000  50.4913 309.5085 14.33399013    03
Vortex 6
1 19976U 89035A   16160.03176236 0.00000000  00000-0  00000-0 0    02
2 19976   7.9502   9.5429 0985144 269.4402  79.2874  1.00270000    01
Vortex 6 r2
1 19983U 89035C   16296.14088734 0.00000000  00000-0  00000-0 0    07
2 19983   8.1791   7.5935 1000240 345.9408  11.4656  0.99425616    02
DSP F14
1 20066U 89046A   16353.30542010 0.00000000  00000-0  00000-0 0    07
2 20066  14.7151   9.3638 0003315 261.0366  98.9379  0.98819941    04
DSP F14 r3
1 20069U 89046D   16328.26111371 0.00000000  00000-0  00000-0 0    09
2 20069  14.2725   8.2013 0048088 277.8201  81.6462  1.01296510    01
DSCS 2-15
1 20202U 89069A   16016.90913750 0.00000000  00000-0  00000-0 0    09
2 20202  15.3457   9.1773 0020945 170.4694 189.5824  0.98603989    00
DSCS 3-4
1 20203U 89069B   16291.36183573 0.00000000  00000-0  00000-0 0    07
2 20203  12.7758  32.7873 0010637 280.0992  79.7929  0.99107967    07
DSCS 2-15 r2
1 20205U 89069D   16326.03949019 0.00000000  00000-0  00000-0 0    07
2 20205  14.6725 358.8331 0073059 253.3912 105.8173  1.01243134    00
FleetSatCom 8
1 20253U 89077A   16346.86537913 0.00000000  00000-0  00000-0 0    08
2 20253  12.8703  16.7755 0003447 196.6478 163.3523  1.00270000    08
USA 40 r
1 20344U 89061D   16212.06151247 0.00000100  00000-0  98907-4 0    06
2 20344  56.9950 143.2086 3537811 243.8515 116.1485  7.86908110    05
Magnum 2
1 20355U 89090B   16289.18775592 0.00000000  00000-0  00000-0 0    04
2 20355  18.0121  18.4315 0282464  15.9137 344.9680  1.00730492    04
Magnum 2 r2
1 20357U 89090D   16345.79646803 0.00000000  00000-0  00000-0 0    08
2 20357  18.2246  18.6444 0330471   6.3643 354.0573  0.99515386    02
USA 58
1 20562U 90031C   14217.03818759 0.00000000  00000-0  00000-0 0    07
2 20562  89.7939 335.9734 0001983 235.6846 124.3153 14.59434657    08
NOSS 2-1 (A)
1 20641U 90050A   16146.66758010 0.00000000  00000-0  00000-0 0    01
2 20641  63.4538 359.0435 4047693 265.1486  48.6114  6.02590857    04
NOSS 2-1 (E)
1 20642U 90050E   16361.70762085 0.00000150  00000-0  42876-4 0    00
2 20642  63.3470 280.7875 0770000  27.1278 332.8722 13.41625001    07
NOSS 2-1 (C)
1 20691U 90050C   16331.13513306 0.00000100  00000-0  28425-4 0    07
2 20691  63.3470 359.0536 0771000  28.4012 331.5988 13.41636558    05
NOSS 2-1 (D)
1 20692U 90050D   16361.76868318 0.00000220  00000-0  59923-4 0    06
2 20692  63.3490 279.4537 0779000  29.1160 330.8839 13.41646294    09
DSP F15
1 20929U 90095A   16346.81421303 0.00000000  00000-0  00000-0 0    00
2 20929  15.3270  13.0578 0004740 329.8254  30.1593  0.98395586    08
DSP F15 r3
1 20932U 90095D   16284.12649315 0.00000000  00000-0  00000-0 0    04
2 20932  15.2401  13.3697 0065760   5.7153 354.3879  0.99946289    00
SDS 2-2
1 20963U 90097B   16345.74955787 0.00000000  00000-0  00000-0 0    09
2 20963  16.6555   6.2060 0018974 198.6915 161.2508  0.98579602    01
NOSS 2-2 (A)
1 21775U 91076A   16274.11171332 0.00000000  00000-0  00000-0 0    07
2 21775  63.3382 231.6235 3355941 269.0878  53.0450  5.53395112    02
DMSP B5D2-6
1 21798U 91082A   16363.24465658 0.00000050  00000-0  25162-4 0    04
2 21798  98.9111 358.0264 0013000  59.1107 300.8892 14.16422916    09
NOSS 2-2 (C)
1 21799U 91076C   16357.67019937 0.00000140  00000-0  48708-4 0    04
2 21799  63.3550 195.7444 0734000  23.1987 336.8013 13.41072944    09
DSP F16
1 21805U 91080B   16336.13598692 0.00000000  00000-0  00000-0 0    09
2 21805  15.0610  15.1108 0001135 255.0920 104.9075  0.99199996    07
DSP F16 r
1 21807U 91080D   16162.50385718  .00000000  00000-0  00000-0 0    02
2 21807  14.7190  16.1684 0023112 248.3270 111.4079  1.01275655    08
NOSS 2-2 (D)
1 21808U 91076D   16351.69386030 0.00000150  00000-0  51669-4 0    03
2 21808  63.3550 211.4284 0736000  22.8432 337.1568 13.41082330    00
NOSS 2-2 (E)
1 21809U 91076E   16351.69165120 0.00000160  00000-0  57216-4 0    04
2 21809  63.3540 209.8488 0727000  20.3822 339.6178 13.41313167    02
DSCS 3-5
1 21873U 92006A   16346.93268486 0.00000000  00000-0  00000-0 0    07
2 21873  13.1595  31.2244 0006969 256.9456 102.9887  0.99035643    04
DSCS 3-5 r2
1 21877U 92006C   16353.31715019 0.00000000  00000-0  00000-0 0    00
2 21877  11.3129 355.8910 0634317 352.4485   6.6523  1.10779047    08
USA 81
1 21949U 92023A   16312.73265119 0.00000060  00000-0  22678-4 0    06
2 21949  85.0043 296.0845 0002000  89.9901 270.0098 14.31365435    00
DSCS 3-6
1 22009U 92037A   16357.35994485 0.00000000  00000-0  00000-0 0    06
2 22009  11.6475  35.7866 0010090 271.0971  88.7993  0.98809351    08
DSCS 3-6 r2
1 22011U 92037C   16352.29335394 0.00000000  00000-0  00000-0 0    05
2 22011  14.6985   5.3657 0019930 339.7278  20.2051  1.01645487    04
USA 89 r
1 22519U 92086C   16214.90803464 0.00001300  00000-0  18894-3 0    02
2 22519  56.9021 170.6643 3118625 315.9710  44.0290  8.97565408    04
Alexis
1 22638U 93026A   14195.23738836 0.00000550  00000-0  19757-3 0    06
2 22638  69.9196 149.2705 0060111 359.1065   0.8935 14.32770503    06
Alexis r
1 22639U 93026B   16306.19513911 0.00000100  00000-0  36715-4 0    08
2 22639  69.9000  67.8835 0061000 322.0343  37.9657 14.31645299    00
DSCS 3-7
1 22719U 93046A   16355.02298636 0.00000000  00000-0  00000-0 0    02
2 22719  10.6829  39.7307 0002564 207.1116 152.8871  0.99048960    00
DSCS 3-7 r2
1 22738U 93046C   16340.19318847 0.00000000  00000-0  00000-0 0    02
2 22738  14.6308   8.7044 0080355  42.9770 317.6599  1.02132573    03
UFO F2
1 22787U 93056A   16345.76612651 0.00000000  00000-0  00000-0 0    05
2 22787  10.6536  24.5696 0008308 105.1261 254.9840  1.00270000    08
DSCS 3-8
1 22915U 93074A   16165.09568092  .00000000  00000-0  00000-0 0    03
2 22915  10.1694  41.6668 0006196 289.7224  70.2228  0.98534141    05
DSCS 3-8 r
1 22916U 93074B   16162.54367421  .00000000  00000-0  00000-0 0    04
2 22916  15.3101  14.2619 0006977 283.7570  76.1773  0.99250486    01
Milstar 1
1 22988U 94009A   16346.07119485 0.00000000  00000-0  00000-0 0    09
2 22988  11.8796  67.0970 0004548 277.7546  82.1541  1.00270000    02
Milstar 1 r
1 22989U 94009B   16281.81172010 0.00000000  00000-0  00000-0 0    03
2 22989  11.6577  60.5997 0014003 148.6086 211.4871  1.00591350    04
Trumpet 1
1 23097U 94026A   16345.78353624 0.00000000  00000-0  00000-0 0    02
2 23097  64.0112 155.4505 6407689 266.1095  23.8052  2.00600000    09
UFO F3
1 23132U 94035A   16269.12798726 0.00000000  00000-0  00000-0 0    01
2 23132  10.6039  28.9952 0003311 227.0196 132.9647  1.00251097    09
Mercury 1
1 23223U 94054A   16333.78665380 0.00000000  00000-0  00000-0 0    06
2 23223  10.7357  36.0577 0033140 132.8743 227.4207  1.00270000    08
DMSP B5D2-7
1 23233U 94057A   16363.24805769 0.00000010  00000-0  51085-5 0    06
2 23233  99.0686   1.2561 0013000  21.8516 338.1483 14.15621693    03
Mercury 1 r
1 23247U 94054B   16358.73707486 0.00000000  00000-0  00000-0 0    08
2 23247  12.3298  17.8399 0120745 266.9903  91.6394  0.99582065    02
DSP F17
1 23435U 94084A   16354.95801037 0.00000000  00000-0  00000-0 0    07
2 23435  14.0315  24.4480 0001441 250.1844 109.6998  1.00270000    01
DSP F17 r3
1 23438U 94084D   16354.95478025 0.00000000  00000-0  00000-0 0    07
2 23438  13.8935  23.7548 0001256  52.0071 308.0162  1.01177107    04
UFO F4
1 23467U 95003A   16340.15190032 0.00000000  00000-0  00000-0 0    07
2 23467   9.4567  28.8622 0004228 219.5912 140.4401  1.00270000    02
DMSP B5D2-8
1 23533U 95015A   16363.26043221 0.00000060  00000-0  30563-4 0    05
2 23533  98.7746   0.6426 0007000 319.9152  40.0847 14.15808014    09
Mentor 1
1 23567U 95022A   16334.57173003 0.00000000  00000-0  00000-0 0    07
2 23567  13.5891  41.4948 0067437  89.0322 271.7592  1.00270000    06
Mentor 1 r
1 23568U 95022B   16217.34979997 0.00000000  00000-0  00000-0 0    09
2 23568  15.2964  44.9863 0012826 250.1986 109.6751  1.00543795    00
UFO F5
1 23589U 95027A   16355.08244651 0.00000000  00000-0  00000-0 0    03
2 23589   9.8899  28.7596 0002507 257.0695 102.9145  0.98745839    02
Helios 1A
1 23605U 95033A   16310.77092713 0.00000500  00000-0  51032-4 0    06
2 23605  98.2875 341.7113 0011791  87.5166 272.4832 14.90646810    06
Trumpet 2
1 23609U 95034A   16355.31701895 0.00000000  00000-0  00000-0 0    08
2 23609  63.2523 169.9012 6813358 266.2748  19.8594  2.00612000    07
DSCS 3-9
1 23628U 95038A   16329.64722082 0.00000000  00000-0  00000-0 0    01
2 23628  10.0654  40.6121 0003516 111.6319 248.4234  1.00270000    07
DSCS 3-9 r2
1 23648U 95038C   16094.50260541 0.00000000  00000-0  00000-0 0    04
2 23648  14.4710  19.4058 0018241 214.9267 145.0314  1.01260922    07
UFO F6
1 23696U 95057A   16340.17086499 0.00000000  00000-0  00000-0 0    03
2 23696   8.8556  30.7227 0005072 173.5065 186.5209  1.00270000    03
Milstar 2
1 23712U 95060A   16355.09011246 0.00000000  00000-0  00000-0 0    01
2 23712  12.2975  31.4863 0007354 252.5006 107.4265  1.00270000    02
Milstar 2 r
1 23713U 95060B   16216.17766512 0.00000000  00000-0  00000-0 0    00
2 23713  13.1380  30.0109 0033834 128.6639 231.6514  1.00587406    06
MSX
1 23851U 96024A   16364.70936457 0.00000060  00000-0  42280-4 0    00
2 23851  98.6788  13.7722 0004504  52.9176 307.0822 13.98048862    03
Mercury 2
1 23855U 96026A   16333.68153220 0.00000000  00000-0  00000-0 0    02
2 23855   9.5457   1.8709 0408301 236.9951 119.0245  1.00270000    03
NOSS 2-3 (D)
1 23862U 96029D   16363.27899301 0.00000030  00000-0  19546-4 0    00
2 23862  63.3764 133.1123 0586000  12.4750 347.5250 13.40805034    08
NOSS 2-3 (A)
1 23893U 96029A   16363.76627281 0.00000000  00000-0  00000-0 0    02
2 23893  63.3814 323.6851 3390586 264.1016  56.8598  5.52849705    00
NOSS 2-3 (C)
1 23908U 96029C   16356.24860225 0.00000030  00000-0  19459-4 0    06
2 23908  63.3800 150.6429 0587000  11.1305 348.8695 13.40845700    07
NOSS 2-3 (E)
1 23936U 96029E   16355.25889746 0.00000050  00000-0  32304-4 0    02
2 23936  63.3790 153.0802 0588000  11.2727 348.7273 13.40860005    04
USA 125 r
1 23947U 96038C   16210.43495621 0.00000100  00000-0  61430-4 0    07
2 23947  55.3326 302.6169 4959565 250.2606 109.7509  5.56116821    08
UFO F7
1 23967U 96042A   16279.11575410 0.00000000  00000-0  00000-0 0    00
2 23967   8.0315  33.4114 0004412 201.1737 158.7874  1.00270000    04
DSP F18
1 24737U 97008A   16358.80955813 0.00000000  00000-0  00000-0 0    02
2 24737  12.6508  31.7021 0001000 142.4968 217.5896  1.00270000    04
DSP F18 r3
1 24740U 97008D   16247.45378304 0.00000000  00000-0  00000-0 0    08
2 24740  12.6489  33.5334 0021939 101.4759 258.7826  0.99491015    07
DMSP 5D-2 S-14
1 24753U 97012A   16363.25653807 0.00000050  00000-0  25505-4 0    04
2 24753  98.9740 343.9327 0007000 193.9920 166.0079 14.15731114    08
DSCS 3-10
1 25019U 97065A   16340.23136688 0.00000000  00000-0  00000-0 0    08
2 25019   8.6137  45.4841 0005888 213.3813 146.5922  1.00270000    09
Trumpet 3
1 25034U 97068A   16361.50416127 0.00000000  00000-0  00000-0 0    00
2 25034  63.3891 236.4751 6380984 286.0338  15.9845  2.00597000    07
Geosat FO
1 25157U 98007A   16346.42389924 0.00005000  00000-0  31814-3 0    03
2 25157 107.8551 335.2260 0083789 314.1710  45.8289 15.05774692    04
UFO F8
1 25258U 98016A   16357.37738676 0.00000000  00000-0  00000-0 0    08
2 25258   7.3626  38.8580 0003434 205.4861 154.5083  1.00261000    06
Mentor 2
1 25336U 98029A   16279.03103943 0.00000000  00000-0  00000-0 0    08
2 25336   9.1206 358.8584 0037278 232.5564 127.1131  1.00270000    00
Mentor 2 r
1 25337U 98029B   16219.75276121 0.00000000  00000-0  00000-0 0    01
2 25337  10.6038 356.0980 0048651 100.3128 260.2481  1.00217799    09
Mercury 2 r
1 25349U 96026B   16339.92969666 0.00000000  00000-0  00000-0 0    04
2 25349   9.3702 354.0809 0455784 325.8529  31.3166  0.99562092    04
STEX
1 25489U 98055A   15271.85594729 0.00000600  00000-0  15981-3 0    06
2 25489  84.9825 147.0087 0010000 306.5317  53.4682 14.48576876    03
UFO F9
1 25501U 98058A   16362.57959601 0.00000000  00000-0  00000-0 0    06
2 25501   7.7987  34.6319 0013595 294.3984  65.4719  0.98173770    05
ATEX
1 25615U 98055C   16298.45436242 0.00000150  00000-0  43133-4 0    09
2 25615  84.9861 293.5875 0005000 184.5899 175.4100 14.44915018    00
DSP F19
1 25669U 99017A   16236.82954880 0.00000000  00000-0  00000-0 0    09
2 25669  28.8520 220.6743 7084509 316.2217   5.7350  2.32910135    00
Milstar 3
1 25724U 99023A   16291.00455966 0.00000000  00000-0  00000-0 0    00
2 25724  28.2236 148.1716 2132299  92.1045 267.8950  9.37449473    09
Milstar 3 r
1 25725U 99023B   16314.93147650 0.00000000  00000-0  00000-0 0    07
2 25725  28.3141 348.0401 2384418 148.0622 211.9373  9.67233005    06
USA 144 Deb
1 25746U 99028C   16361.82380790 0.00000000  00000-0  00000-0 0    09
2 25746  63.4412 324.4879 0261281 298.3732  61.6268  9.69968730    03
UFO F10
1 25967U 99063A   16362.64285718 0.00000000  00000-0  00000-0 0    08
2 25967   6.4239  39.5408 0005501 330.5079  29.4633  1.00270000    09
DMSP F15
1 25991U 99067A   16313.11653994 0.00000000  00000-0  00000-0 0    02
2 25991  98.7813 267.1378 0009926 259.1607 100.8391 14.16605448    05
DSCS 3-11
1 26052U 00001A   16184.87328397 0.00000000  00000-0  00000-0 0    06
2 26052   6.1597  55.9013 0007363   3.4709 356.5603  1.00270000    08
DSCS 3-11 r2
1 26054U 00001C   16340.17387993 0.00000000  00000-0  00000-0 0    02
2 26054  12.8862  29.3500 0023135 256.5309 103.2232  1.01184469    06
JAWSAT
1 26065U 00004E   16250.13357359 0.00000065  00000-0  21967-4 0    06
2 26065 100.2066 197.5145 0027976  30.7821 329.2178 14.36733457    05
DSP F20
1 26356U 00024A   16331.37991464 0.00000000  00000-0  00000-0 0    08
2 26356  10.3214  36.8466 0007071 312.6751  47.2688  1.00270000    03
DSP F20 r3
1 26359U 00024D   16357.35910113 0.00000000  00000-0  00000-0 0    09
2 26359  10.4482  37.0150 0005253  92.9488 267.1234  0.99708488    05
DSCS 3-12
1 26575U 00065A   16325.83407086 0.00000000  00000-0  00000-0 0    02
2 26575   5.7626  57.3195 0003051 276.9566  83.0148  1.00270000    07
DSCS 3-12 r2
1 26577U 00065C   16357.45567036 0.00000000  00000-0  00000-0 0    09
2 26577  12.4831  30.5662 0059148 192.8498 167.0110  1.01174519    03
SDS 3-1
1 26635U 00080A   16329.62015380 0.00000000  00000-0  00000-0 0    09
2 26635   7.7388  37.1466 0006999 200.9746 158.9675  1.00270000    06
Sicral 1
1 26694U 01005A   16361.83265847 0.00000000  00000-0  00000-0 0    06
2 26694   7.0565  51.6695 0005093 180.4823 179.5303  1.00270000    05
Milstar 4
1 26715U 01009A   16338.59332945 0.00000000  00000-0  00000-0 0    05
2 26715   8.0394  37.4658 0004308 185.1183 174.8900  1.00270000    01
Milstar 4 r
1 26716U 01009B   16361.80749675 0.00000000  00000-0  00000-0 0    08
2 26716   9.9093  35.3496 0013617  62.1776 297.9803  1.00460666    08
GeoLITE
1 26770U 01020A   16337.93725930 0.00000000  00000-0  00000-0 0    06
2 26770   6.0570  47.7405 0016306  49.7067 310.4368  0.98840201    05
DSP F21
1 26880U 01033A   16331.56449851 0.00000000  00000-0  00000-0 0    00
2 26880   9.3768  39.9065 0004088 258.9226 101.1294  1.00270000    03
DSP F21 r3
1 26883U 01033D   16295.17051537 0.00000000  00000-0  00000-0 0    09
2 26883   9.3986  40.5624 0007246 267.4265  92.5026  0.99894832    02
NOSS 3-1 (A)
1 26905U 01040A   16363.21350651 0.00000000  00000-0  00000-0 0    02
2 26905  63.4136 110.1226 0348000 358.8431   1.1569 13.40743981    09
NOSS 3-1 r
1 26906U 01040B   16355.22172596 0.00000000  00000-0  00000-0 0    05
2 26906  63.4545  72.0677 0337000 342.6194  17.3806 13.43999597    07
NOSS 3-1 (C)
1 26907U 01040C   16356.24063793 0.00000000  00000-0  00000-0 0    07
2 26907  63.4188 123.4751 0352000 359.1179   0.8821 13.41261828    09
SDS 3-2
1 26948U 01046A   16340.30314142 0.00000000  00000-0  00000-0 0    05
2 26948   8.8831  56.5961 0009843 166.8237 193.1534  1.00270000    04
Milstar 5
1 27168U 02001A   16361.82799008 0.00000000  00000-0  00000-0 0    00
2 27168   7.4412  37.8530 0003471 173.6570 186.3610  1.00270000    09
Milstar 5 r
1 27169U 02001B   16331.48578758 0.00000000  00000-0  00000-0 0    07
2 27169   5.6556  39.1393 0054605  62.7715 297.7959  1.00229364    05
DSP F18 Cover
1 27680U 97008E   14001.00000000  .00000000  00000-0  00000-0 0    06
2 27680  11.4923  44.2046 0034801 165.0544 183.0999  0.99528594    06
DSCS 3-13
1 27691U 03008A   16339.33867698 0.00000000  00000-0  00000-0 0    01
2 27691   4.2669  65.3748 0003504 258.1588 101.8094  1.00270000    09
DSCS 3-13 r2
1 27693U 03008C   16296.19693104 0.00000000  00000-0  00000-0 0    08
2 27693  10.7090  37.9067 0018987 146.4973 213.6350  1.01120923    04
Milstar 6
1 27711U 03012A   16340.27604784 0.00000000  00000-0  00000-0 0    09
2 27711   7.0963  53.8236 0004196 191.8378 168.1795  1.00270000    06
Milstar 6 r
1 27712U 03012B   16337.96739178 0.00000000  00000-0  00000-0 0    08
2 27712   7.1879  39.9943 0026803 199.4342 160.4756  1.00573155    07
Canyon 1 r
1 27785U 68063B   16295.97585675 0.00000000  00000-0  00000-0 0    00
2 27785  12.5107 319.2425 1095393 150.3292 216.3956  1.01770741    05
Canyon 2 r
1 27786U 69036B   16206.60637707 0.00000000  00000-0  00000-0 0    08
2 27786   8.6390  65.9833 1035878 143.3744 224.1939  1.03858670    08
Canyon 3 r
1 27787U 70069B   16339.94708807 0.00000000  00000-0  00000-0 0    01
2 27787  11.6039 239.6596 1404736  36.0463 332.6682  1.01701516    02
DSCS 3-14
1 27875U 03040A   16278.27898189 0.00000000  00000-0  00000-0 0    05
2 27875   3.2275  71.3586 0001454  41.7737 318.2833  1.00270000    01
DSCS 3-14 r2
1 27877U 03040C   16329.49047092 0.00000000  00000-0  00000-0 0    07
2 27877  10.4359  38.9161 0011496 214.8878 145.0488  1.00726947    08
Mentor 3
1 27937U 03041A   16351.76345204 0.00000000  00000-0  00000-0 0    06
2 27937   8.9869  68.5242 0049974 200.9844 158.8642  1.00270000    01
Mentor 3 r
1 27938U 03041B   16278.19912890 0.00000000  00000-0  00000-0 0    03
2 27938   8.7949  79.2584 0036970  11.1982 348.8957  1.00844357    06
DMSP F16
1 28054U 03048A   16363.20302008 0.00000000  00000-0  00000-0 0    01
2 28054  98.7481 336.9421 0005001 213.5804 146.4195 14.13763655    06
NOSS 3-2 (A)
1 28095U 03054A   16355.21200337 0.00000010  00000-0  13947-4 0    06
2 28095  63.4244  49.1355 0293000 358.1115   1.8885 13.41343770    07
NOSS 3-2 r
1 28096U 03054B   16363.22137034 0.00000010  00000-0  14671-4 0    05
2 28096  63.6725 129.9374 0267715 268.6919  91.3081 13.40819446    02
NOSS 3-2 (C)
1 28097U 03054C   16356.17104812 0.00000000  00000-0  00000-0 0    06
2 28097  63.4170  50.4617 0288000 358.0209   1.9791 13.40732001    05
UFO F11
1 28117U 03057A   16362.61898865 0.00000000  00000-0  00000-0 0    06
2 28117   4.8157  34.8334 0004129 185.1490 174.8597  1.00270000    06
DSP F20 Cover
1 28156U 00024E   14143.46447871 0.00000000  00000-0  00000-0 0    05
2 28156   9.2833  45.8848 0232136 320.7168  37.5283  0.99724462    01
DSP F22
1 28158U 04004A   16206.11224866 0.00000000  00000-0  00000-0 0    00
2 28158   7.2537  48.2249 0001000 323.1418  36.8203  1.00270000    04
DSP F22 r3
1 28161U 04004D   16325.21354223 0.00000000  00000-0  00000-0 0    08
2 28161   7.4776  47.2737 0002963 273.4472  86.5094  0.99814888    07
USA 179
1 28384U 04034A   16361.65571830 0.00000000  00000-0  00000-0 0    01
2 28384  63.1453 336.7121 7380583 270.8153  13.6529  2.00618000    05
USA 179 r
1 28385U 04034B   16330.77925723 0.00063000  00000-0  92352-3 0    08
2 28385  57.3224 183.3678 3716110  20.7059 351.1169  8.08211002    07
Helios 2A
1 28492U 04049A   16280.11821614 0.00000000  00000-0  00000-0 0    06
2 28492  98.1275 213.9962 0002000 330.2637  29.7361 14.63848213    05
Essaim 1
1 28494U 04049C   15254.88203062 0.00000000  00000-0  00000-0 0    03
2 28494  98.2849 311.7325 0002689 236.1459 123.8539 14.78057714    01
Essaim 2
1 28495U 04049D   16250.83337808 0.00000300  00000-0  41141-4 0    00
2 28495  98.2320 321.3353 0002500 303.1237  56.8761 14.78505622    03
Essaim 4
1 28497U 04049F   15200.12166197 0.00000300  00000-0  38805-4 0    02
2 28497  98.2951 263.0755 0003500  45.4013 314.5985 14.80969146    02
Delta4 Demo
1 28500U 04050A   16363.20331580 0.00000000  00000-0  00000-0 0    08
2 28500  15.6684  47.4351 2756738 159.3390 214.4213  1.41304391    02
NOSS 3-3 (A)
1 28537U 05004A   16364.80222153 0.00000000  00000-0  00000-0 0    00
2 28537  63.4274 260.1295 0249000 358.2547   1.7453 13.40717585    08
NOSS 3-3 r
1 28538U 05004B   16364.76865183 0.00000050  00000-0  81376-4 0    06
2 28538  63.8218   3.6754 0155000 188.8686 171.1314 13.43094168    04
NOSS 3-3 (C)
1 28541U 05004C   16364.80230543 0.00000000  00000-0  00000-0 0    07
2 28541  63.4270 260.2996 0249000 358.3089   1.6911 13.40716993    00
Del4 Demo r
1 28546U 04050B   16340.19861283 0.00000000  00000-0  00000-0 0    09
2 28546  15.6791  59.1503 2542139 134.8076 248.8898  1.37838362    02
XSS 11 r
1 28637U 05011B   16362.00518608 0.00000050  00000-0  27550-4 0    00
2 28637  98.8675  21.5345 0014004   3.4677 356.5322 14.11555694    04
Lacrosse 5
1 28646U 05016A   16363.22694570 0.00000000  00000-0  00000-0 0    05
2 28646  57.0130  44.1202 0006000 175.3001 184.6998 14.51773432    02
Lacrosse 5 r
1 28647U 05016B   16345.23777596 0.00000600  00000-0  35385-4 0    01
2 28647  56.9980  62.5595 0124921 348.5611  11.4388 15.04701141    04
USA 186
1 28888U 05042A   16342.76054983 0.00020000  00000-0  82323-4 0    00
2 28888  96.8903  18.6082 0136622 113.6163 246.3835 15.72885855    02
Mitex 1
1 29240U 06024A   15261.34123595 0.00000000  00000-0  00000-0 0    09
2 29240   0.7151 294.3706 0011912 301.8102  58.0866  0.98613613    03
Mitex 2
1 29241U 06024B   15143.04099329 0.00000000  00000-0  00000-0 0    03
2 29241   4.5545  62.9413 0008107  58.4826 301.6088  0.98871083    07
Mitex 1 r
1 29242U 06024C   16115.54403557 0.00000000  00000-0  00000-0 0    01
2 29242   7.3444  47.5195 0006242 131.2128 228.8800  1.04021931    05
USA 184
1 29249U 06027A   16361.60244549 0.00000000  00000-0  00000-0 0    05
2 29249  62.8785 300.7630 7075216 269.0159  16.6701  2.00610000    03
USA 184 r
1 29250U 06027B   16339.71735200 0.00000000  00000-0  00000-0 0    03
2 29250  64.2490 280.8201 6381396 281.6484  17.4616  2.17598797    05
DMSP F17
1 29522U 06050A   16364.70494204 0.00000060  00000-0  31632-4 0    09
2 29522  98.8621  14.8650 0011000 174.2752 185.7246 14.13949718    00
SAR Lupe 1
1 29658U 06060A   16277.77622728 0.00000000  00000-0  00000-0 0    09
2 29658  98.1768 299.2327 0003000 269.8979  90.1019 15.27648785    01
Ofeq 7
1 31601U 07025A   16364.68023575 0.00005000  00000-0  16338-3 0    03
2 31601 141.6931 100.2803 0004000 174.4496 185.5496 15.30821038    00
NOSS 3-4 (A)
1 31701U 07027A   16346.73232311 0.00000000  00000-0  00000-0 0    03
2 31701  63.4039 201.2472 0172000  25.0380 334.9620 13.40719228    09
NOSS 3-4 r
1 31702U 07027B   16347.22032895 0.00000000  00000-0  00000-0 0    04
2 31702  63.3712  47.5667 0250315   1.9369 358.0631 14.18525368    05
NOSS 3-4 (C)
1 31708U 07027C   16346.73240835 0.00000000  00000-0  00000-0 0    00
2 31708  63.4030 201.4552 0172000  24.9098 335.0901 13.40719673    00
SAR Lupe 2
1 31797U 07030A   16213.88606115 0.00002800  00000-0  10208-3 0    02
2 31797  98.0799 291.8704 0002502  70.3220 289.6779 15.28202213    09
WGS 1
1 32258U 07046A   16281.49965278 0.00000000  00000-0  00000-0 0    08
2 32258   0.0160 119.8068 0000230  18.4156 238.1010  1.00270000    07
SAR Lupe 3
1 32283U 07053A   15228.94173304 0.00004500  00000-0  16717-3 0    09
2 32283  98.1073 335.5126 0002000  16.3274 343.6725 15.27582877    00
DSP F23
1 32287U 07054A   15343.78722505 0.00000000  00000-0  00000-0 0    03
2 32287   2.9354  77.1410 0002502 109.4527 250.5863  1.00381054    05
DSP F23 r
1 32288U 07054B   16337.97549963 0.00000000  00000-0  00000-0 0    04
2 32288   3.6931  77.8672 0247860  49.7230 312.4528  0.95865129    06
SDS 3F5
1 32378U 07060A   16361.37123298 0.00000000  00000-0  00000-0 0    01
2 32378  63.9802 230.2795 7040922 269.0736  16.7840  2.00613000    06
USA 198 r
1 32379U 07060B   16220.00680717 0.00008500  00000-0  43519-3 0    08
2 32379  60.7719 337.6357 5218647 272.2473  87.7561  5.33640694    04
TecSar
1 32476U 08002A   16124.06933819 0.00000000  00000-0  00000-0 0    08
2 32476  41.0206  15.7936 0004999 315.1782  44.8212 15.15829250    05
USA 200
1 32706U 08010A   16361.85518491 0.00000000  00000-0  00000-0 0    08
2 32706  63.6094   9.2664 7169293 270.9708  15.1699  2.00614000    09
SAR Lupe 4
1 32750U 08014A   16328.72840238 0.00000000  00000-0  00000-0 0    07
2 32750  98.1673 353.8271 0002000   6.5585 353.4413 15.27462969    07
SAR Lupe 5
1 33244U 08036A   15227.94735604 0.00004700  00000-0  17405-3 0    02
2 33244  98.1042 335.1513 0002000 278.7966  81.2032 15.27685865    09
Mentor 4
1 33490U 09001A   16333.76695989 0.00000000  00000-0  00000-0 0    07
2 33490   4.6877  28.2455 0003453 356.9709   3.0273  1.00270000    08
Mentor 4 r
1 33491U 09001B   16353.37153956 0.00000000  00000-0  00000-0 0    00
2 33491   4.9047  31.7105 0254903  12.1071 348.5283  0.96059368    07
WGS 2
1 34713U 09017A   16362.55418819 0.00000000  00000-0  00000-0 0    07
2 34713   0.0300 356.1111 0001458  68.6607 291.3765  1.00270000    05
Sicral 1B
1 34810U 09020A   16338.04660720 0.00000000  00000-0  00000-0 0    06
2 34810   0.0304 100.8954 0003453  48.3480 311.7047  1.00270000    07
STSS-ATRR
1 34903U 09023A   15152.91426917 0.00000000  00000-0  00000-0 0    09
2 34903  98.9190 250.2740 0006000 176.8437 183.1562 14.06696387    05
PAN
1 35815U 09047A   16362.65592694 0.00000000  00000-0  00000-0 0    09
2 35815   0.0885  20.3058 0003455 284.4247  75.5426  1.00270000    00
STSS Demo 1
1 35937U 09052A   16335.73359750 0.00000000  00000-0  00000-0 0    03
2 35937  57.9887 200.4022 0018464 101.8286 258.1713 12.79321913    07
STSS Demo 2
1 35938U 09052B   16355.26378773 0.00000000  00000-0  00000-0 0    00
2 35938  57.9916 147.6923 0018152 136.6388 223.3612 12.79325085    02
DMSP F18
1 35951U 09057A   16364.72425172 0.00000060  00000-0  32144-4 0    01
2 35951  98.6323  19.9839 0009806  26.0403 333.9596 14.13096037    05
IGS 5A
1 36104U 09066A   16261.87533121 0.00000000  00000-0  00000-0 0    04
2 36104  97.7549 335.2704 0001500  32.7439 327.2559 14.93425149    00
IGS 5 r
1 36105U 09066B   16355.76193564 0.00001350  00000-0  75770-4 0    09
2 36105  97.3547  28.3549 0029671 230.8882 129.1116 15.13010921    03
WGS 3
1 36108U 09068A   16338.57424707 0.00000000  00000-0  00000-0 0    01
2 36108   0.0197 267.5321 0002003  16.9937 343.0063  1.00270000    02
WGS 3 r
1 36109U 09068B   16222.31608643 0.00000000  00000-0  00000-0 0    09
2 36109  21.8746 209.8808 8111445 195.7314 100.6529  1.18486745    05
Helios 2B
1 36124U 09073A   16267.10005795 0.00000000  00000-0  00000-0 0    07
2 36124  98.0963 201.8105 0002997 148.6457 211.3542 14.63847834    08
Helios 2B r
1 36125U 09073B   16363.26373763 0.00000120  00000-0  16972-4 0    07
2 36125  98.3216   6.9637 0024755 117.5161 242.4838 14.76977203    01
Ofeq 9
1 36608U 10031A   16306.14860876 0.00007000  00000-0  23331-3 0    09
2 36608 141.7345 223.0928 0006000 261.4103  98.5889 15.30172971    02
AEHF 1
1 36868U 10039A   16345.56941489 0.00000000  00000-0  00000-0 0    02
2 36868   0.5922 216.9901 0003453 225.6108 134.3709  1.00270000    05
FIA Radar 1
1 37162U 10046A   16347.24179238 0.00000000  00000-0  00000-0 0    00
2 37162 123.0043 315.2693 0005882 127.1194 232.8806 13.41429663    09
SBSS 1
1 37168U 10048A   16266.87073357 0.00000170  00000-0  21807-4 0    02
2 37168  97.8656 129.5404 0004428   8.6982 351.3017 14.81319827    08
SBSS 1 r
1 37169U 10048B   16363.71938811 0.00001400  00000-0  54276-4 0    02
2 37169  98.0106   8.1149 0010000 358.4608   1.5390 15.26122367    03
STPSat 2
1 37222U 10062A   16343.72261565 0.00000170  00000-0  23341-4 0    04
2 37222  71.9641 302.0735 0016284 146.1388 213.8611 14.78245176    05
STPSat 2 r
1 37228U 10062G   16340.69337832 0.00000120  00000-0  16229-4 0    06
2 37228  71.9606 305.7849 0018111 152.1579 207.8421 14.78860517    02
STPSat 2 HAPS
1 37229U 10062H   16357.67561025 0.00000004  00000-0  15400-4 0    07
2 37229  72.0073 189.7814 0137915 324.1307  35.8693 12.86584854    03
Mentor 5
1 37232U 10063A   16351.05161562 0.00000000  00000-0  00000-0 0    02
2 37232   3.0077 199.3033 0049555  71.4888 288.9900  1.00270000    04
Mentor 5 r
1 37233U 10063B   16279.46781123 0.00000000  00000-0  00000-0 0    08
2 37233   3.3386 201.4324 0231492 244.2064 113.4053  1.04032707    03
USA 224
1 37348U 11002A   16228.97920181 0.00021000  00000-0  19697-3 0    06
2 37348  97.8983 339.5367 0526746 128.9564 231.0435 14.79619028    07
USA 225
1 37364U 11006A   14013.71270803  .00000002  00000-0  50000-5 0    03
2 37364  90.0107  32.1378 0013119 273.4615  86.5013 13.11494704    06
USA 227
1 37377U 11011A   16340.19004172 0.00000000  00000-0  00000-0 0    02
2 37377   4.6800 358.9470 0018000 133.8587 226.1412  1.00270000    05
FAST 2
1 37380U 10062M   14033.20310151 0.00000700  00000-0  97442-4 0    04
2 37380  71.9740  79.9879 0014626 282.3762  77.6238 14.77678774    00
NOSS 3-5 (A)
1 37386U 11014A   16363.20183690 0.00000000  00000-0  00000-0 0    05
2 37386  63.4330  91.3742 0052000   9.0902 350.9098 13.40722806    08
NOSS 3-5 (B)
1 37391U 11014B   16362.23212857 0.00000000  00000-0  00000-0 0    01
2 37391  63.4399  93.6860 0052000   5.4400 354.5600 13.40723325    04
SBIRS GEO 1
1 37481U 11019A   16226.73522486 0.00000000  00000-0  00000-0 0    02
2 37481   4.0458 321.2838 0003975 318.1002  41.8678  1.00270000    06
ORS 1
1 37728U 11029A   16363.17589003 0.00016000  00000-0  19164-3 0    06
2 37728  39.9939  82.0488 0006000 180.7019 179.2974 15.59962383    03
IGS 6
1 37813U 11050A   16246.01772051 0.00000000  00000-0  00000-0 0    04
2 37813  97.7479   3.6197 0003000 312.9988  47.0011 14.93422508    07
IGS 6 r
1 37814U 11050B   16259.04036154 0.00001600  00000-0  10041-3 0    05
2 37814  97.8370  40.6794 0012000 340.3070  19.6929 15.09293566    01
IGS 7
1 37954U 11075A   16264.86547104 0.00000000  00000-0  00000-0 0    09
2 37954  97.4872 338.6182 0004000 290.9824  69.0174 15.17625709    06
Elisa W11
1 38007U 11076A   16207.27349333 0.00000800  00000-0  14855-3 0    00
2 38007  98.1392 281.4557 0002267 159.9915 200.0083 14.65286744    00
Elisa E24
1 38008U 11076B   15254.88917054 0.00000300  00000-0  56589-4 0    06
2 38008  98.1037 330.0742 0002002  20.8939 339.1060 14.64582353    06
Elisa W23
1 38009U 11076C   16207.27364293 0.00000300  00000-0  55707-4 0    01
2 38009  98.1455 281.4828 0002456  25.7264 334.2735 14.65286744    04
Elisa E12
1 38010U 11076D   15254.88932568 0.00000300  00000-0  56588-4 0    05
2 38010  98.1056 330.0778 0001996 359.4702   0.5296 14.64583428    03
WGS 4
1 38070U 12003A   16351.48286382 0.00000000  00000-0  00000-0 0    04
2 38070   0.0310 347.8072 0003723 193.7398 166.2625  1.00270000    08
WGS 4 r
1 38071U 12003B   16068.48219836 0.00000000  00000-0  00000-0 0    00
2 38071  23.4729  39.8848 8208140 278.2852   6.5910  1.15515200    06
MUOS 1
1 38093U 12009A   16345.20612029 0.00000000  00000-0  00000-0 0    09
2 38093   3.4216 336.4972 0059397 183.8779 176.0890  1.00270000    02
MUOS 1 r
1 38094U 12009B   16125.57780716 0.00000000  00000-0  00000-0 0    05
2 38094  18.6249  11.7992 6245322  21.0431 356.1668  2.11809500    01
FIA Radar 2
1 38109U 12014A   16357.82475716 0.00000000  00000-0  00000-0 0    04
2 38109 122.9975 168.0215 0005003 193.7112 166.2888 13.41423578    00
AEHF 2
1 38254U 12019A   16338.67399301 0.00000000  00000-0  00000-0 0    07
2 38254   1.8678 334.5575 0004628 250.5246 109.4335  1.00270000    05
USA 236
1 38466U 12033A   16338.46676250 0.00000000  00000-0  00000-0 0    06
2 38466   1.7176 230.7327 0002764   7.6143 352.4161  1.00270000    07
Mentor 6
1 38528U 12034A   16362.53570283 0.00000000  00000-0  00000-0 0    00
2 38528   1.0534 341.8124 0034072   5.1211 354.9399  1.00270000    02
Mentor 6 r
1 38529U 12034B   16351.45398577 0.00000000  00000-0  00000-0 0    04
2 38529   1.0541 331.1562 0176982 197.2013 162.2048  1.03147071    04
NOSS 3-6 (A)
1 38758U 12048A   16357.19263582 0.00000000  00000-0  00000-0 0    07
2 38758  63.4392  31.6845 0009058  39.5702 320.4298 13.40722313    09
NOSS 3-6 r
1 38770U 12048N   16361.72027669 0.00000850  00000-0  57551-4 0    09
2 38770  64.6473 199.7816 0163428 179.6660 180.3339 14.95915744    03
NOSS 3-6 (P)
1 38773U 12048P   16357.19255087 0.00000000  00000-0  00000-0 0    05
2 38773  63.4356  31.4846 0010159  41.3569 318.6431 13.40722140    07
IGS 8A
1 39061U 13002A   16242.99775170 0.00000000  00000-0  00000-0 0    08
2 39061  97.4669   0.6621 0003000   1.6178 358.3820 15.17632870    02
IGS 8B
1 39062U 13002B   16231.03448041 0.00000000  00000-0  00000-0 0    06
2 39062  97.1394 349.7459 0003000 343.8658  16.1340 15.46472736    06
SBIRS GEO 2
1 39120U 13011A   16338.63442562 0.00000000  00000-0  00000-0 0    07
2 39120   3.9486 321.8467 0004147 122.4096 237.6481  1.00270000    09
WGS 5
1 39168U 13024A   16345.80281345 0.00000000  00000-0  00000-0 0    00
2 39168   0.0301 316.3679 0011304 171.1243 188.9098  1.00270000    09
WGS 5 r
1 39169U 13024B   16145.91658973 0.00000000  00000-0  00000-0 0    06
2 39169  22.6290 265.0515 8181036  99.7836 349.7452  1.09782167    09
MUOS 2
1 39206U 13036A   16339.99630092 0.00000000  00000-0  00000-0 0    06
2 39206   3.8848 332.9493 0051516 356.1148   3.8456  1.00270000    08
MUOS 2 r
1 39207U 13036B   16206.94941385 0.00000000  00000-0  00000-0 0    05
2 39207  18.2360 115.1156 6131291 200.8564 115.8102  2.09940263    04
WGS 6
1 39222U 13041A   16340.04846874 0.00000000  00000-0  00000-0 0    05
2 39222   0.0200 316.4983 0003453 357.7959   2.2027  1.00270000    09
WGS 6 r
1 39223U 13041B   16269.77229083 0.00000036  00000-0  27173-3 0    05
2 39223  26.1303 311.1020 8251290 143.4600 321.2001  1.13886649    04
USA 245
1 39232U 13043A   16269.83381064 0.00017500  00000-0  18073-3 0    05
2 39232  97.8851 330.7356 0513501 138.4858 221.5141 14.80760450    09
AEHF 3
1 39256U 13050A   14317.12897452 0.00000000  00000-0  00000-0 0    01
2 39256   4.2844 303.5451 0006073   4.7450 355.2870  1.00270000    06
FIA Radar 3
1 39462U 13072A   16364.79386326 0.00000000  00000-0  00000-0 0    04
2 39462 122.9997  99.6787 0002000 121.1544 238.8456 13.41417531    07
FIA Radar 3 r
1 39475U 13072P   16363.22652422 0.00000650  00000-0  64058-4 0    06
2 39475 120.4490 241.7327 0271244  13.3271 346.6729 14.67980505    05
DMSP F19
1 39630U 14015A   16364.73234696 0.00000040  00000-0  21032-4 0    01
2 39630  98.8046  17.6440 0011500 338.2835  21.7164 14.14091494    07
Ofeq 10
1 39650U 14019A   16343.15918482 0.00000000  00000-0  00000-0 0    06
2 39650 140.9309 276.1841 0003996 248.6460 111.3533 15.16855644    09
USA 250
1 39652U 14020A   16299.23837963 0.00000000  00000-0  00000-0 0    03
2 39652   3.0610 318.1830 0003350 275.9940  82.6679  1.00270000    06
USA 250 r
1 39653U 14020B   16339.95488644 0.00000000  00000-0  00000-0 0    06
2 39653  10.5790 220.2823 4864171   3.4873 358.9770  1.86028267    04
USA 252
1 39751U 14027A   16344.96393154 0.00000000  00000-0  00000-0 0    00
2 39751   3.1723 236.0152 0003455 231.8389 128.1395  1.00270000    02
GSSAP 1
1 40099U 14043A   16238.93761149 0.00000000  00000-0  00000-0 0    07
2 40099   0.0862 101.1750 0005064  65.7271 294.3477  1.00355414    07
GSSAP 2
1 40100U 14043B   16239.08141527 0.00000000  00000-0  00000-0 0    09
2 40100   0.0598 119.4595 0004284 123.0482 237.0106  1.00306272    01
ANGELS
1 40101U 14043C   16199.39293062 0.00000000  00000-0  00000-0 0    01
2 40101   1.1285  69.5162 0010447 228.0346 131.8890  0.98910783    00
GSSAP 1 r
1 40102U 14043D   16345.98785560 0.00000000  00000-0  00000-0 0    09
2 40102   1.3862  71.1179 0011679 226.2386 133.6779  0.98909120    02
CLIO
1 40208U 14055A   16362.62396209 0.00000000  00000-0  00000-0 0    07
2 40208   0.1162  29.2654 0016273 311.9398  47.9251  1.00252367    01
CLIO r
1 40209U 14055B   16219.57335284 0.00000000  00000-0  00000-0 0    09
2 40209  20.6774 117.0018 4853057 292.1005  24.1926  1.84620828    05
USA 259
1 40344U 14081A   16330.71539702 0.00000000  00000-0  00000-0 0    09
2 40344  62.9849 135.1594 6875676 266.8476  19.2552  2.00609000    08
MUOS 3
1 40374U 15002A   16338.75784445 0.00000000  00000-0  00000-0 0    04
2 40374   4.3484 330.3515 0056239 180.7294 179.2757  1.00270000    07
IGS 9
1 40381U 15004A   16260.87969732 0.00000000  00000-0  00000-0 0    05
2 40381  97.3475 330.3812 0003000 317.6481  42.3517 15.27649929    02
IGS 9 r
1 40382U 15004B   16266.84905820 0.00005400  00000-0  15173-3 0    06
2 40382  97.1997 331.4379 0012117 291.8760  68.1238 15.36475200    07
IGS Opt 5
1 40538U 15015A   16266.88334608 0.00000000  00000-0  00000-0 0    06
2 40538  97.4820 339.1239 0003000 279.4961  80.5037 15.17628039    08
IGS Opt 5 r
1 40539U 15015B   16243.94438563 0.00003800  00000-0  11656-3 0    07
2 40539  97.4590 325.8275 0008720 147.7219 212.2780 15.33751540    03
Sicral 2
1 40614U 15022B   16362.45904664 0.00000000  00000-0  00000-0 0    04
2 40614   0.0200 298.5454 0003453 125.1110 234.9389  1.00270000    00
OTV 4
1 40651U 15025A   16363.19699480 0.00000500  00000-0  28702-5 0    06
2 40651  37.9946  70.5730 0024412  43.6901 316.3091 15.77241240    00
WGS 7
1 40746U 15036A   16326.56006670 0.00000000  00000-0  00000-0 0    07
2 40746   0.0220  77.5918 0003453 137.3815 222.6185  1.00270000    03
MUOS 4
1 40887U 15044A   16362.44008490 0.00000000  00000-0  00000-0 0    01
2 40887   4.5583 329.8055 0053482   2.4543 357.5979  1.00270000    01
MUOS 4 r
1 40888U 15044B   16099.37102744 0.00000000  00000-0  00000-0 0    08
2 40888  18.6372 288.1239 6078977 250.1725  37.3837  2.08785828    05
NOSS 3-7 (A)
1 40964U 15058A   16364.82347033 0.00000000  00000-0  00000-0 0    05
2 40964  63.4387 231.7497 0090000 177.7016 182.2983 13.40721928    07
NOSS 3-7 r
1 40978U 15058Q   16356.18178100 0.00000650  00000-0  63679-4 0    03
2 40978  64.7698  28.7717 0184402 150.2898 209.7102 14.80101049    03
NOSS 3-7 (R)
1 40981U 15058R   16364.82356497 0.00000000  00000-0  00000-0 0    08
2 40981  63.4427 231.9692 0088000 178.3874 181.6126 13.40722085    03
FIA Radar 4
1 41334U 16010A   16362.25848238 0.00000000  00000-0  00000-0 0    04
2 41334 122.9957 271.8721 0003005 128.5322 231.4678 13.41426720    02
Mentor 7
1 41584U 16036A   16338.47347044 0.00000000  00000-0  00000-0 0    05
2 41584   7.4444 353.1472 0051137  49.8965 310.5644  1.00250000    01
Mentor 7 r
1 41585U 16036B   16335.94699747 0.00000000  00000-0  00000-0 0    05
2 41585   7.5022 352.9285 0215998 189.1547 170.4579  1.04080253    00
MUOS 5
1 41622U 16041A   16339.97478175 0.00000000  00000-0  00000-0 0    00
2 41622   9.6497 320.4221 0215726 186.4471 173.2838  1.00270000    02
MUOS 5 r
1 41623U 16041B   16278.85861229 0.00000000  00000-0  00000-0 0    06
2 41623  18.7555 304.2153 6107408 212.1453  88.8045  2.09538665    08
USA 269
1 41724U 16047A   16302.55042303 0.00000000  00000-0  00000-0 0    03
2 41724   4.9229 327.4381 0002225 342.3304  17.6979  1.00270000    03
GSSAP 3
1 41744U 16052A   16334.39172454 0.00000000  00000-0  00000-0 0    09
2 41744   0.2360  75.9750 0001770 333.5790  19.5181  1.00469531    05
GSSAP 4
1 41745U 16052B   16334.38872685 0.00000000  00000-0  00000-0 0    02
2 41745   0.2260  75.9730 0001450 261.4530  91.6304  1.00270000    08
GSSAP 3 r
1 41746U 16052C   16351.70276578 0.00000000  00000-0  00000-0 0    07
2 41746   1.0640  55.3902 0004788 239.6144 120.3517  0.98989059    01
Ofeq 11
1 41759U 16056A   16262.14637733 0.00093953  00000-0  25000-2 0    06
2 41759 141.9581 325.4435 0161478  71.2254 181.1514 15.25030193    01
WGS 8
1 41879U 16075A   16360.74268923 0.00000000  00000-0  00000-0 0    08
2 41879   0.2311 290.0705 2124264 151.4771 159.3526  1.00730000    00
Unknown 990907
1 90004U 99750A   16228.86180479 0.00000727  00000-0  00000-0 0    04
2 90004  62.1804 272.1507 7289895 253.7791  21.1505  2.01398660    01
Unknown 000405
1 90006U 00596A   16122.16105053 -.00000128  00000-0  00000-0 0    03
2 90006  63.5357 166.4334 6786171 258.7115  23.8665  2.00651614    03
Prowler
1 90007U 90097E   16340.17718141 0.00000000  00000-0  00000-0 0    08
2 90007  15.1609   7.9329 0046525 196.4375 163.4232  1.00237564    06
Unknown 040208
1 90020U 04539A   16219.65292989 0.00002311  00000-0  00000-0 0    01
2 90020  61.0671 138.8452 7510897 267.8182  92.1818  2.01262307    08
Unknown 050702
1 90040U 05683A   16162.15694574 0.00000731  00000-0  44127-3 0    07
2 90040  27.5894 269.3589 6934841  88.5065 343.1755  2.69412253    01
Unknown 060625
1 90057U 06676A   16115.53329817 0.00000178  00000-0  26503-3 0    06
2 90057  26.3275 171.4426 7170079 120.0994 328.5514  2.36336480    02
Unknown 060624
1 90059U 06675A   16339.67986582 0.00000886  00000-0  72206-3 0    05
2 90059  28.7222 345.4330 7206866 238.2234  32.5724  2.34112379    04
Unknown 060616
1 90061U 06667A   15107.94210044 0.00015000  00000-0  15545-2 0    00
2 90061  27.5492  97.6982 6703789 303.9117   9.4140  3.06111477    00
Unknown 070914
1 90077U 07757A   16115.68431128 0.00000900  00000-0  57049-3 0    06
2 90077  28.1630 125.0792 7172944 146.8870 292.0965  2.39147759    09
Unknown 080818
1 90082U 08731A   16135.67671336 0.00001230  00000-0  00000-0 0    02
2 90082  62.3523 145.9754 6821326 261.2304  22.2384  2.00921834    03
Unknown 090126
1 90083U 09526A   16361.55293938 -.00000681  00000-0  00000-0 0    02
2 90083  63.8943  16.1729 7151684 259.6124  19.7762  2.01021044    08
Unknown 9O0DC57
1 90084U 09710A   16332.82086405 0.00000000  00000-0  00000-0 0    09
2 90084  26.5237 263.6618 7149813 312.0624   6.3148  0.44285488    06
Unknown 091017
1 90085U 09790A   16210.10314003 0.00006400  00000-0  54484-3 0    00
2 90085  25.1366 124.1399 6481734 292.8114  13.2929  3.37674363    04
Unknown 110619
1 90086U 11670A   16209.17686950 0.00024428  00000-0  17579-2 0    02
2 90086  26.0874 213.5918 6574248 239.7058  40.1327  3.25134116    04
Unknown 110623
1 90087U 11674A   16335.98844340 0.00001000  00000-0  00000-0 0    05
2 90087  27.4761 282.9296 7312614 341.9441   1.9390  2.01011993    09
Unknown 120723
1 90089U 12705A   12242.87100169 0.00014500  00000-0  11442-2 0    01
2 90089  25.9301 120.8310 7003462 195.1156 122.2007  2.66527571    08
Unknown 120530
1 90090U 12651A   16134.04181760 0.00001200  00000-0  36263-3 0    04
2 90090  63.3269 111.9631 0754689  64.9818 295.0182 13.42485643    03
Unknown 131121
1 90091U 13825A   16339.92705939 0.00000858  00000-0  00000-0 0    08
2 90091  62.7720 226.1656 6902453 278.7415  14.7378  2.00504221    02
ISON 144605
1 90092U 14735A   16068.48263014 0.00000000  00000-0  00000-0 0    02
2 90092  15.2910   3.4007 0058951  71.5433 289.1086  0.99533906    03
ISON 69200
1 90093U 14776A   14315.16893180 0.00000429  00000-0  13091-1 0    09
2 90093   3.8405 308.0871 7265778 296.3111   8.3494  2.08186653    02
ISON 73800
1 90094U 14776B   16299.85086821 0.00000000  00000-0  00000-0 0    05
2 90094  23.2226 222.2867 5087616 312.9496  14.2615  1.94975853    07
ISON 60300
1 90095U 14784A   16049.81693461 0.00000000  00000-0  00000-0 0    08
2 90095  63.2277 143.0745 7013174 265.2567  18.6472  2.38690000    08
ISON 70200
1 90096U 14790A   15010.69809503 -.00001143  00000-0  00000-0 0    05
2 90096  63.6344 316.3041 7257516 274.9184  13.3541  2.04977653    08
ISON 37600
1 90097U 14792A   14329.22101470 0.00000000  00000-0  00000-0 0    07
2 90097   4.5550 100.3423 5646809  85.4993 333.4571  3.99435538    00
ISON 63200
1 90099U 14792C   16016.69010916 0.00000048  00000-0  14300-3 0    02
2 90099  28.4323 273.0763 7214714 255.0936  21.2917  2.27925537    09
ISON 144402
1 90100U 14798A   16099.40769578 0.00000000  00000-0  00000-0 0    03
2 90100  10.4756  38.9631 0206881 312.9828  45.3130  0.99713642    00
ISON 59501
1 90101U 14817A   14317.09270388 0.00000000  00000-0  00000-0 0    08
2 90101  10.7796 334.9840 6996980 142.3878 218.4241  2.41793291    04
ISON 64800
1 90103U 14820A   14344.38016351 0.00000000  00000-0  00000-0 0    04
2 90103  63.9219 195.1708 6529776 260.7767  25.4332  2.21892600    02
ISON 119400
1 90105U 14829A   14344.29147547 0.00000000  00000-0  00000-0 0    07
2 90105   7.6214 134.9890 1379645  80.2524 295.0364  1.20496503    06
ISON 59700
1 90106U 14844A   14344.93775833 0.00001037  00000-0  11372-2 0    08
2 90106   1.7288 107.8123 7133426  65.2861 350.7480  2.42060426    03
ISON 68600
1 90107U 14844B   14344.56595229 0.00000000  00000-0  00000-0 0    00
2 90107   5.9532  78.8720 6279691 158.2173 249.7319  2.09703600    04
ISON 47601
1 90108U 14845A   15083.95102040 0.00051000  00000-0  13922-2 0    06
2 90108  26.0860 326.6715 6310050 342.8833   3.0396  3.65735150    04
ISON 54102
1 90109U 15523A   16168.58218529  .00002000  00000-0  55082-2 0    04
2 90109  10.1892  66.2558 6825658 106.1567 253.7660  2.75890683    07
ISON 20100
1 90110U 15545A   15045.04292572 0.00000901  00000-0  94884-3 0    06
2 90110  63.6259 336.8399 3953340 298.9469  27.1475  7.14307836    04
ISON 60601
1 90111U 15607A   15107.89871643 0.00001000  00000-0  13050-1 0    05
2 90111  10.6896  53.7508 7057175 341.8331   1.9904  2.37655470    09
ISON 62200
1 90112U 15614A   16331.39601018 0.00000324  00000-0  47008-3 0    06
2 90112   5.9062 286.0132 7199628 281.4320  78.6329  2.32858876    05
ISON 32000
1 90113U 16535A   16216.84503521 0.00004000  00000-0  36375-3 0    02
2 90113  25.7104 117.4757 5570677 308.2684  13.5285  4.73892364    05
ISON 49200
1 90114U 16591A   16091.06076050 0.00017500  00000-0  11494-2 0    05
2 90114  63.3298 353.0721 6721151 268.3028  19.9584  3.04943579    01
ISON 63700
1 90115U 16612A   16125.72920333 0.00001900  00000-0  55625-1 0    03
2 90115   5.6456  37.0436 7103659  16.6827 358.0271  2.26151631    01
ISON 51100
1 90116U 16697A   16197.02271432 0.00000000  00000-0  00000-0 0    04
2 90116   3.9248 273.8998 6620303 223.5734 136.4263  2.80970031    02
ISON 35200
1 90117U 16707A   16209.31423319 0.00000000  00000-0  00000-0 0    06
2 90117  63.4956 230.9925 5878621 265.8189  29.0639  4.09306800    08
ISON 42000
1 90118U 15730A   16351.59299824 0.00010000  00000-0  11986-2 0    00
2 90118  25.9240 253.1921 6246375 340.5182   3.5684  3.70243799    02
ISON 61100
1 90119U 16843A   16343.42987787 0.00000142  00000-0  27797-3 0    06
2 90119  28.7816 227.6741 7149883 333.5099   3.3944  2.37617559    03
Unknown 050612
1 96031U 96531A   16225.54005205 0.00000000  00000-0  00000-0 0    03
2 96031   4.4384 311.4597 0224814 269.5210  87.9150  1.01894812    04
Unknown 100202
1 96041U 96541A   15099.26936811 0.00000000  00000-0  00000-0 0    08
2 96041  14.0028 341.3708 0049515 271.3454  88.0230  1.00318585    05
Unknown 090720
1 96044U 96544A   13213.96435434 0.00000000  00000-0  00000-0 0    02
2 96044  14.5576 347.4845 0039721 348.7141  11.0959  1.00295404    08
Unknown 050403
1 96058U 96558A   16074.31240758 0.00000000  00000-0  00000-0 0    02
2 96058  16.7983 339.0427 0028437 330.6713  29.1944  0.94328096    09
Ekran 5 (deb G)
1 96137U 80060G   16155.44642361  .00000000  00000-0 -78640-6 0    03
2 96137  13.0952 326.7730 0018636 237.7256 307.0984  1.00394873    31
96668A
1 96168U 96668A   13132.00000000  .00000000  00000-0  00000-0 0    08
2 96168  14.0320  13.9225 0196690  23.9946 180.7583  1.00183607    06
Unknown 131120
1 99079U 13825B   16261.80863264 0.00000471  00000-0  58837-3 0    05
2 99079  28.4139 330.6558 7132026 141.4841 301.8384  2.41705975    04
Unknown140221E
1 99096U 14552E   16214.84312384 0.00000000  00000-0  00000-0 0    00
2 99096  63.2010 229.0526 7115000 272.9035  15.0249  2.19872538    01
Unknown 130404
1 99208U 13594A   16338.46502698 0.00005500  00000-0  71158-3 0    09
2 99208  20.0905 230.1212 4903630 340.5972   5.8581  5.79863524    08
Unknown 130704
1 99210U 13685A   16101.92809768 0.00000700  00000-0  51352-3 0    01
2 99210  63.3369  73.1073 0411910 135.2812 224.7188 13.61914724    02
Unknown 130725
1 99212U 13706A   16273.81287267 0.00000200  00000-0  30822-3 0    03
2 99212  27.7830 173.5922 7168347 328.0890   3.8356  2.36404236    02
Unknown 140607
1 99224U 14658A   14215.31222519 0.00000000  00000-0  00000-0 0    01
2 99224  63.2984 259.9086 0681901  80.0832 279.9168 13.86809788    05
Unknown 140405
1 99406U 14602A   14274.78109944 0.00001300  00000-0  41308-3 0    07
2 99406  63.3045  11.2372 0739742  84.1363 275.8637 13.43422371    02
