BEIJING 1               
1 28890U 05043A   21281.23540117  .00000011  00000-0  11624-4 0  9996
2 28890  98.0905  43.7679 0014133 242.4520 117.5262 14.61349993850294
HJ-1A                   
1 33320U 08041A   21281.19320265  .00000115  00000-0  22966-4 0  9992
2 33320  97.7127 320.6500 0020584 335.6676  24.3569 14.77681975705137
HJ-1B                   
1 33321U 08041B   21281.17438560  .00000322  00000-0  51805-4 0  9993
2 33321  97.7327 323.6800 0034696 352.2354   7.8327 14.77433019705135
YAOGAN 4                
1 33446U 08061A   21280.86175308  .00000159  00000-0  29506-4 0  9997
2 33446  97.7854 224.1641 0015129 229.3536 130.6360 14.77151203692300
DEIMOS-1                
1 35681U 09041A   21281.20076943  .00000118  00000-0  26202-4 0  9998
2 35681  97.7418 139.7932 0001338  18.6824 341.4414 14.71918449654665
UK-DMC 2                
1 35683U 09041C   21281.17889420  .00000138  00000-0  29736-4 0  9995
2 35683  97.6859 103.1892 0001554  73.4508 286.6878 14.71234861654419
RISAT 1                 
1 38248U 12017A   21280.98765732  .00001215  00000-0  77207-4 0  9992
2 38248  97.5610 290.3643 0005497  58.9343 301.2426 15.10691353520716
DMC3-FM1                
1 40715U 15032A   21281.18397301  .00000072  00000-0  18478-4 0  9995
2 40715  97.8752 168.7884 0016371 126.4864 233.7865 14.73675211336012
DMC3-FM2                
1 40716U 15032B   21281.20699193  .00000072  00000-0  18566-4 0  9991
2 40716  97.8785 169.3366 0013565 133.4712 226.7640 14.73698848336028
DMC3-FM3                
1 40717U 15032C   21281.16188490  .00000077  00000-0  19242-4 0  9997
2 40717  97.8807 170.1154 0017228 127.9643 232.3129 14.73687101336014
