PROBA-1                 
1 26958U 01049B   21281.07082460 -.00000182  00000-0 -10115-4 0  9990
2 26958  97.7822 236.7741 0073646 105.6654 255.2709 14.95775263 86744
BIRD 2                  
1 26959U 01049C   21281.18929020  .00004402  00000-0  11361-3 0  9995
2 26959  97.7847 351.8355 0007509 183.4359 176.6836 15.39726258108081
CUTE-1 (CO-55)          
1 27844U 03031E   21280.89107359  .00000092  00000-0  61155-4 0  9990
2 27844  98.6822 287.4054 0010918 111.1331 249.1015 14.22337879948001
CUBESAT XI-IV (CO-57)   
1 27848U 03031J   21280.91781701  .00000067  00000-0  50306-4 0  9994
2 27848  98.6875 287.9886 0010682 123.3839 236.8362 14.21911287947790
GENESIS 1               
1 29252U 06029A   21280.95377635  .00001509  00000-0  79345-4 0  9992
2 29252  64.5214 178.9529 0054540 299.4450  60.1237 15.18930906840605
FALCONSAT-3             
1 30776U 07006E   21280.87146777  .00009717  00000-0  22202-3 0  9991
2 30776  35.4332  97.1007 0002578 240.9056 119.1414 15.42096892810463
GENESIS 2               
1 31789U 07028A   21281.25076059  .00001521  00000-0  84306-4 0  9997
2 31789  64.4926 220.5906 0017470   8.1506 351.9897 15.17969239787662
APRIZESAT 4             
1 35684U 09041D   21280.90331389  .00000164  00000-0  29304-4 0  9992
2 35684  98.3136 280.9142 0048350  81.8859 278.7833 14.79406613657774
APRIZESAT 3             
1 35686U 09041F   21280.80825375  .00000230  00000-0  31041-4 0  9991
2 35686  98.1279 356.7400 0071333 291.8876  67.4765 14.87562306661043
PROBA-2                 
1 36037U 09059B   21280.94218797  .00000026  00000-0  16894-4 0  9992
2 36037  98.2239 107.3286 0013664 162.5898 197.5770 14.53166394632582
APRIZESAT 5             
1 37792U 11044E   21281.18666110  .00000163  00000-0  31589-4 0  9991
2 37792  98.3596 143.6606 0059299  87.6440 273.1555 14.75526875545944
APRIZESAT 6             
1 37793U 11044F   21280.48842914  .00000142  00000-0  30620-4 0  9994
2 37793  98.4235 118.6532 0047655 134.3428 285.5690 14.72577447544635
TET-1                   
1 38710U 12039D   21280.72278411  .00011656  00000-0  16761-3 0  9992
2 38710  97.5433 340.7667 0000939 176.2738 183.8524 15.56246091517979
PROBA-V                 
1 39159U 13021A   21281.08186238 -.00000008  00000-0  14897-4 0  9996
2 39159  98.3957 324.2342 0005355 105.5621 254.6150 14.23008405437439
STPSAT-3                
1 39380U 13064A   21280.88213954  .00002942  00000-0  79960-4 0  9992
2 39380  40.4983 113.2753 0004938 271.9232  88.1017 15.39115527440322
APRIZESAT 7             
1 39416U 13066A   21280.94753303  .00000250  00000-0  35529-4 0  9991
2 39416  97.5473 269.2147 0042514 109.3821 251.1997 14.84123472426586
APRIZESAT 8             
1 39425U 13066K   21280.90534976  .00000170  00000-0  27666-4 0  9994
2 39425  97.5941 259.9466 0052599 146.6700 213.7844 14.81321590425571
BUGSAT-1 (TITA)         
1 40014U 14033E   21280.93979860  .00000249  00000-0  27798-4 0  9996
2 40014  98.1232 264.5221 0031695 150.6043 209.6970 14.95866026398382
SAUDISAT 4              
1 40016U 14033G   21281.15519866  .00000111  00000-0  23349-4 0  9995
2 40016  97.6567 124.6840 0046980 238.6767 120.9839 14.75383475393211
APRIZESAT 9             
1 40018U 14033J   21281.09935822  .00000087  00000-0  22067-4 0  9992
2 40018  97.7015 100.5603 0070123 304.5381  54.9220 14.70079138391708
APRIZESAT 10            
1 40019U 14033K   21281.02388345  .00000042  00000-0  15484-4 0  9994
2 40019  97.7438  89.7779 0083751 343.1508  16.6918 14.67131254390961
TDS 1                   
1 40076U 14037H   21280.59366325  .00000629  00000-0  81025-4 0  9991
2 40076  98.4240 134.5172 0007146 157.4395 202.7133 14.84876192392171
TIANTUO 2               
1 40144U 14053B   21281.17692623  .00002012  00000-0  59795-4 0  9990
2 40144  97.2175   1.2314 0012259  36.2304  47.3770 15.35865320396356
TECHNOSAT               
1 42829U 17042E   21281.17619535  .00000537  00000-0  58955-4 0  9991
2 42829  97.4513 144.6285 0015302 126.9097 233.3527 14.91359472230488
FLYING LAPTOP           
1 42831U 17042G   21280.81335229 -.0000019