TDRS 3                  
1 19548U 88091B   21280.85695382 -.00000299  00000-0  00000-0 0  9993
2 19548  13.8919 353.3324 0035447 323.7629 319.1244  1.00278889108206
FLTSATCOM 8 (USA 46)    
1 20253U 89077A   21280.95667852 -.00000079  00000-0  00000+0 0  9990
2 20253  12.9300   1.9578 0004923 138.7471 292.4220  1.00272964243425
SKYNET 4C               
1 20776U 90079A   21280.69563122  .00000127  00000-0  00000-0 0  9994
2 20776  13.8750   1.9913 0002928 210.8300  87.9497  1.00275009113706
TDRS 5                  
1 21639U 91054B   21281.19880185  .00000086  00000-0  00000+0 0  9997
2 21639  14.2519   6.6572 0021632   2.8790 271.7035  1.00280167110531
TDRS 6                  
1 22314U 93003B   21280.85859736 -.00000293  00000-0  00000-0 0  9996
2 22314  14.1109   9.8716 0008231 119.4746 150.4400  1.00278604105229
UFO 2 (USA 95)          
1 22787U 93056A   21281.21865102  .00000127  00000-0  00000+0 0  9997
2 22787  11.4067  12.5206 0006000 198.0634 273.9538  1.00275876101487
USA 99 (MILSTAR-1 1)    
1 22988U 94009A   21280.42568133 -.00000190  00000-0  00000+0 0  9996
2 22988  14.9350  45.8058 0003174 146.5965 247.1359  1.00274219 14466
ASTRA 1D                
1 23331U 94070A   21280.80213300 -.00000266  00000-0  00000-0 0  9997
2 23331   9.7595  39.3885 0003723 163.0852  29.9633  1.00269400 99108
USA 107 (DSP 17)        
1 23435U 94084A   21280.31620667 -.00000163  00000-0  00000-0 0  9997
2 23435  14.5872   7.8148 0001415 135.9602 249.5440  1.00276646 15771
UFO 4 (USA 108)         
1 23467U 95003A   21280.62450487 -.00000021  00000-0  00000-0 0  9992
2 23467   9.8846  18.8150 0004844 133.2951 261.5192  1.00271200 97775
AMSC 1                  
1 23553U 95019A   21280.86702331 -.00000090  00000-0  00000-0 0  9995
2 23553  11.7118  27.8875 0003476 200.3976 353.0957  1.00272225 96999
TDRS 7                  
1 23613U 95035B   21280.96635640 -.00000200  00000-0  00000+0 0  9991
2 23613  14.0684   0.5494 0025446  48.5337  40.2307  1.00278776 95977
USA 113                 
1 23628U 95038A   21280.89402620 -.00000335  00000-0  00000+0 0  9991
2 23628  11.8580  26.7092 0001365 163.8489 251.7512  1.00268749 14438
USA 115 (MILSTAR-1 2)   
1 23712U 95060A   21280.42624896 -.00000016  00000-0  00000+0 0  9996
2 23712  13.4243  16.1740 0002938 168.6829 224.8822  1.00272293 14464
INMARSAT 3-F1           
1 23839U 96020A   21280.57913719  .00000110  00000-0  00000-0 0  9999
2 23839   7.0215  59.6555 0006639 115.1559 251.1527  0.99994742 93129
INMARSAT 3-F2           
1 24307U 96053A   21280.90496319 -.00000099  00000-0  00000-0 0  9992
2 24307   5.9485  68.7852 0005389  84.1823 272.4120  0.99977343 91780
AMC-1 (GE-1)            
1 24315U 96054A   21280.64705911  .00000067  00000-0  00000-0 0  9998
2 24315   5.0232  75.1874 0003006 120.2004 283.1809  1.00270752 29140
INMARSAT 3-F3           
1 24674U 96070A   21280.80980819 -.00000262  00000-0  00000-0 0  9992
2 24674   6.5936  63.3734 0005890 121.4788  88.7442  1.00000294 90775
INTELSAT 26 (IS-26)     
1 24732U 97007A   21281.09837632 -.00000016  00000-0  00000+0 0  9990
2 24732   9.7104  40.1760 0002639 144.4411 293.9018  1.00273103 90107
GALAXY 25 (G-25)        
1 24812U 97026A   21281.18620113  .00000076  00000-0  00000+0 0  9999
2 24812   3.0660  86.0988 0004101 135.1994 275.9351  1.00406099 89199
INTELSAT 5 (IS-5)       
1 24916U 97046A   21280.59764683  .00000091  00000-0  00000-0 0  9999
2 24916   6.6914  62.7126 0003286 151.1348 240.7826  1.00273899 88448
AMC-3 (GE-3)            
1 24936U 97050A   21280.87408797 -.00000259  00000-0  00000-0 0  9995
2 24936   3.9280  81.7471 0002724 113.1003  64.5814  1.00270848 35253
NSS-5                   
1 24957U 97053A   21280.65145052  .00000106  00000-0  00000-0 0  9999
2 24957   6.9298  60.9747 0003411 126.0419 114.5210  1.00273660 87967
USA 134                 
1 25019U 97065A   21281.30439007 -.00000059  00000-0  00000+0 0  9998
2 25019  10.7639  33.0393 0001282 328.7188  12.7629  1.00268890 14428
ASTRA 1G                
1 25071U 97076A   21281.17939811  .00000117  00000-0  00000+0 0  9995
2 25071   5.6699  70.1111 0003397 119.8276 271.0785  1.00272643 87368
INMARSAT 3-F5           
1 25153U 98006B   21280.87766392 -.00000287  00000-0  00000-0 0  9998
2 25153   5.8386  67.4742 0004619 129.9029  81.3674  1.00272885 86714
UFO 8 (USA 138)         
1 25258U 98016A   21280.65907093 -.00000023  00000-0  00000-0 0  9994
2 25258   9.1568  30.8812 0004217 157.4718 237.0516  1.00270877 86675
ASTRA 2A                
1 25462U 98050A   21281.18114248  .00000149  00000-0  00000+0 0  9997
2 25462   2.7742  88.1921 0001997 100.2017 281.8197  1.00271050 84564
JCSAT-4A                
1 25630U 99006A   21280.84382328 -.00000307  00000-0  00000-0 0  9992
2 25630   5.6552  70.7318 0011043 176.6444 209.1417  1.00270548 33432
SKYNET 4E               
1 25639U 99009B   21280.85664767 -.00000032  00000-0  00000+0 0  9999
2 25639  11.1211  18.2817 0003260 197.8081 107.7630  1.00271489 82833
ASIASAT 3S              
1 25657U 99013A   21281.24146792 -.00000221  00000-0  00000+0 0  9991
2 25657   5.8331  69.2711 0002591  97.4796  85.1936  1.00270858 82645
NIMIQ 1                 
1 25740U 99027A   21280.79942924 -.00000199  00000-0  00000+0 0  9993
2 25740   2.2444  89.6284 0004530 112.7357  15.5969  1.00272789 82024
ABS-7                   
1 25894U 99046A   21281.18218910  .00000155  00000-0  00000+0 0  9990
2 25894   2.1282  90.2475 0003873 100.5316 285.2359  1.00271323 79963
ABS-6                   
1 25924U 99053A   21280.84827140 -.00000121  00000-0  00000+0 0  9999
2 25924   0.0466  65.3781 0001621 141.6243 274.0926  1.00271339 80667
AMC-4 (GE-4)            
1 25954U 99060A   21281.24147380  .00000086  00000-0  00000+0 0  9995
2 25954   0.8847  94.4735 0002861  99.6093 135.0581  1.00272429 80311
UFO 10 (USA 146)        
1 25967U 99063A   21281.23388897 -.00000182  00000-0  00000+0 0  9999
2 25967   8.4091  34.2148 0004575 152.1618 252.6876  1.00269791 80166
GALAXY 11 (G-11)        
1 26038U 99071A   21281.23353705 -.00000163  00000-0  00000+0 0  9997
2 26038   2.3858  90.7509 0001303 332.4089 304.9263  1.00271065 79907
USA 148                 
1 26052U 00001A   21280.56559735  .00000043  00000-0  00000+0 0  9990
2 26052   9.1416  43.8751 0001264 131.4704 224.9886  1.00273496 14432
ASIASTAR                
1 26107U 00016A   21280.89091882 -.00000332  00000-0  00000+0 0  9999
2 26107   5.0904  73.8764 0003959 122.8041 245.8283  1.00273788 78974
USA 149 (DSP 20)        
1 26356U 00024A   21280.68552132  .00000101  00000-0  00000-0 0  9995
2 26356  11.8984  23.1520 0001914 173.3546 262.2078  1.00255107 15736
EUTELSAT 80A            
1 26369U 00028A   21278.19388601 -.00000100  00000-0  00000-0 0  9994
2 26369   4.3945  77.3904 0014332 176.8946 177.1292  1.00274211 78223
TDRS 8                  
1 26388U 00034A   21280.84007722 -.00000226  00000-0  00000-0 0  9998
2 26388   9.9703  44.2675 0016245 334.5771  29.2130  1.00264037 78008
INTELSAT 9 (IS-9)       
1 26451U 00043A   21280.80675557 -.00000285  00000-0  00000+0 0  9996
2 26451   6.6781  62.8890 0002805 138.3169  55.9290  1.00272368 77662
NSS-11 (AAP-1)          
1 26554U 00059A   21280.81041571  .00000024  00000-0  00000+0 0  9991
2 26554   0.0458  67.2031 0002566 127.9188 289.3134  1.00271355 76990
USA 153                 
1 26575U 00065A   21280.82707226 -.00000321  00000-0  00000+0 0  9999
2 26575   8.6760  47.1965 0001193 114.1962 287.5030  1.00274124 14432
AMC-6 (GE-6)            
1 26580U 00067A   21280.71718251  .00000103  00000-0  00000-0 0  9993
2 26580   0.0459  66.9271 0002634 125.0384 303.8179  1.00271040 76740
INTELSAT 12 (IS-12)     
1 26590U 00068A   21281.11660108  .00000013  00000-0  00000+0 0  9996
2 26590   4.0596  81.9402 0002259  98.3250 302.9556  1.00271780 76624
INTELSAT 1R (IS-1R)     
1 26608U 00072A   21280.91979029 -.00000137  00000-0  00000-0 0  9992
2 26608   3.8249  82.9290 0000854 229.1947 192.8986  1.00272569 24147
ANIK F1                 
1 26624U 00076A   21281.22412413 -.00000063  00000-0  00000+0 0  9995
2 26624   0.7988  95.6762 0007304  58.6370 194.2668  1.00271505 76541
ASTRA 2D                
1 26638U 00081A   21277.10348750  .00000123  00000-0  00000-0 0  9997
2 26638   6.7539  61.9555 0005568 170.4935 201.4803  1.00177744 35693
AMC-8 (GE-8)            
1 26639U 00081B   21280.64627414  .00000088  00000-0  00000-0 0  9998
2 26639   1.8129  91.1929 0002669 109.7612 273.2321  1.00271272 76150
USA 157 (MILSTAR-2 2)   
1 26715U 01009A   21280.50507122  .00000016  00000-0  00000+0 0  9992
2 26715   9.7728  28.2921 0002471 179.4138 226.2054  1.00273728 14463
EUTELSAT 133 WEST A     
1 26719U 01011A   21280.64662302  .00000078  00000-0  00000-0 0  9995
2 26719   3.0922  85.0446 0002741 116.0701 275.3299  1.00271696 75360
INTELSAT 10 (IS-10)     
1 26766U 01019A   21281.24282812  .00000036  00000-0  00000+0 0  9999
2 26766   4.9821  75.4147 0003177 140.9107  66.0023  1.00271929 74752
INTELSAT 901 (IS-901)   
1 26824U 01024A   21280.42826896 -.00000203  00000-0  00000-0 0  9993
2 26824   0.0310  91.5188 0000902 108.5350 302.9477  1.00270458  5793
ASTRA 2C                
1 26853U 01025A   21281.21219848 -.00000258  00000-0  00000+0 0  9996
2 26853   3.9550  81.5354 0002536 114.9112 184.5350  1.00268309 74397
USA 159 (DSP 21)        
1 26880U 01033A   21280.85829649 -.00000294  00000-0  00000-0 0  9991
2 26880  11.1985  27.3152 0001615 219.3738  30.0012  1.00273400 15781
INTELSAT 902 (IS-902)   
1 26900U 01039A   21281.16561764 -.00000283  00000-0  00000+0 0  9993
2 26900   1.7727  91.6881 0003046 101.7074 193.1769  1.00272029 73592
USA 164 (MILSTAR-2 3)   
1 27168U 02001A   21280.69007688  .00000103  00000-0  00000+0 0  9997
2 27168   9.2455  30.0042 0001635 163.4658  90.5229  1.00268439 14463
ECHOSTAR 7              
1 27378U 02006A   21280.61366757 -.00000001  00000-0  00000-0 0  9991
2 27378   0.0439  66.2895 0001898  85.9652 326.3450  1.00271706 33421
INTELSAT 904 (IS-904)   
1 27380U 02007A   21280.88254812 -.00000213  00000-0  00000-0 0  9997
2 27380   2.6060  88.5313 0002797 106.2983 110.1495  1.00271493 34586
TDRS 9                  
1 27389U 02011A   21280.80422625 -.00000284  00000-0  00000+0 0  9999
2 27389   8.4841  63.0826 0022747 285.2667 255.5009  1.00276967 73261
ASTRA 3A                
1 27400U 02015B   21281.23701796 -.00000202  00000-0  00000+0 0  9994
2 27400   6.8750  60.7446 0000907 130.1836 184.7258  1.00272729 71548
NSS-7                   
1 27414U 02019A   21280.78656959 -.00000155  00000-0  00000-0 0  9990
2 27414   5.3118  73.2883 0002269 134.2351  72.3038  1.00272474 71386
DIRECTV 5 (TEMPO 1)     
1 27426U 02023A   21280.86650000 -.00000057  00000-0  00000-0 0  9999
2 27426   0.4904  95.8806 0003408 109.5302  13.1585  1.00271844 70941
INTELSAT 905 (IS-905)   
1 27438U 02027A   21281.17271682 -.00000185  00000-0  00000+0 0  9997
2 27438   2.4284  89.3089 0002457 107.3353 218.0778  1.00270026 70797
GALAXY 3C (G-3C)        
1 27445U 02030A   21280.58243046 -.00000152  00000-0  00000-0 0  9991
2 27445   0.0285 280.5594 0001563  56.4701 154.0496  1.00270657 29323
EUTELSAT 5 WEST A       
1 27460U 02035A   21280.88751956 -.00000042  00000-0  00000-0 0  9998
2 27460   1.6943  92.0352 0005140 109.9069 129.3329  1.00272313 70431
METEOSAT-8 (MSG-1)      
1 27509U 02040B   21280.60654743  .00000139  00000-0  00000-0 0  9990
2 27509   7.5719  51.9123 0001129 171.7688  52.5585  1.00270975 70071
INTELSAT 906 (IS-906)   
1 27513U 02041A   21280.90130003  .00000014  00000-0  00000-0 0  9999
2 27513   1.4384  93.3613 0003419 111.9214 200.1115  1.00272699 69844
HISPASAT 30W-4          
1 27528U 02044A   21280.71639755  .00000118  00000-0  00000-0 0  9990
2 27528   2.2124  89.4757 0004324 101.2562 300.7476  1.00271897 25792
TDRS 10                 
1 27566U 02055A   21281.19509130  .00000092  00000-0  00000+0 0  9990
2 27566   7.7452  51.2963 0005267 329.3575 255.5501  1.00276285 69046
NSS-6                   
1 27603U 02057A   21280.78294501  .00000107  00000-0  00000+0 0  9998
2 27603   0.9729  94.4108 0003213  94.2669 300.3790  1.00267924 68858
NIMIQ 2                 
1 27632U 02062A   21281.18096804  .00000121  00000-0  00000+0 0  9993
2 27632   5.4212  72.4056 0000899  66.8169 330.1145  1.00014368 68691
USA 167                 
1 27691U 03008A   21280.60468459  .00000057  00000-0  00000-0 0  9993
2 27691   7.5487  56.1501 0002472  40.4979   7.4391  1.00274606 15774
USA 169 (MILSTAR-2 4)   
1 27711U 03012A   21280.88844080 -.00000192  00000-0  00000-0 0  9990
2 27711   9.7498  41.8142 0002650 147.3059 299.6082  1.00273775 15777
GALAXY 12 (G-12)        
1 27715U 03013B   21281.31201001  .00000058  00000-0  00000+0 0  9993
2 27715   2.6420  88.0745 0001766 111.0150 161.4129  1.00271616 67831
ASIASAT 4               
1 27718U 03014A   21281.18314851  .00000152  00000-0  00000+0 0  9995
2 27718   0.3353  97.6872 0002233 105.0046 278.4740  1.00272504 67743
HELLAS-SAT 2            
1 27811U 03020A   21281.29992620 -.00000150  00000-0  00000+0 0  9993
2 27811   3.0596  87.2109 0004311 104.7743 197.9773  1.00271330 67166
THURAYA-2               
1 27825U 03026A   21280.89728799  .00000129  00000-0  00000-0 0  9999
2 27825   6.4288  34.0305 0004518 132.4208 217.3344  1.00272352 67163
OPTUS C1                
1 27831U 03028B   21281.22469213 -.00000149  00000-0  00000+0 0  9991
2 27831   2.5695  89.1533 0005946 102.7016  61.8599  1.00272936 67146
GALAXY 23 (G-23)        
1 27854U 03034A   21280.61242850  .00000012  00000-0  00000-0 0  9990
2 27854   0.0285 244.6081 0002981 313.7933 277.5752  1.00272752 66561
USA 170                 
1 27875U 03040A   21280.80823828 -.00000270  00000-0  00000+0 0  9997
2 27875   6.8532  61.5322 0004475 123.8672  79.8792  1.00267362 14445
GALAXY 13 (HORIZONS 1)  
1 27954U 03044A   21281.21368455  .00000046  00000-0  00000+0 0  9995
2 27954   0.0109 155.2456 0001212  31.3655 140.3950  1.00271139 65979
YAMAL 202               
1 28089U 03053A   21280.77753748 -.00000078  00000-0  00000+0 0  9994
2 28089   2.0013  90.6177 0005801  72.6470 296.8283  1.00273080 65500
UFO 11 (USA 174)        
1 28117U 03057A   21280.90330604 -.00000091  00000-0  00000-0 0  9993
2 28117   6.6422  37.8650 0002039  91.0845 287.4402  1.00272039 65272
USA 176 (DSP 22)        
1 28158U 04004A   21280.79738772 -.00000217  00000-0  00000-0 0  9996
2 28158   9.7655  36.6284 0000666 148.3730 206.0850  1.00273786 15743
ABS-4 (MOBISAT-1)       
1 28184U 04007A   21281.14758399  .00000041  00000-0  00000+0 0  9998
2 28184   1.6881  91.8441 0005317 107.6711 291.6122  1.00271290 64404
EUTELSAT 7A             
1 28187U 04008A   21280.71718251  .00000105  00000-0  00000-0 0  9999
2 28187   1.4752  90.1819 0004049 104.7254 300.6871  1.00269323 64174
AMC-11 (GE-11)          
1 28252U 04017A   21280.64705911  .00000068  00000-0  00000-0 0  9991
2 28252   0.0467  62.2846 0002608 135.7794 280.4076  1.00272425 63704
INTELSAT 10-02          
1 28358U 04022A   21280.81652399 -.00000012  00000-0  00000-0 0  9994
2 28358   0.0306  97.3140 0000863  96.8238 115.5082  1.00270949 63366
ANIK F2                 
1 28378U 04027A   21280.62057285 -.00000051  00000-0  00000-0 0  9996
2 28378   0.0517  80.8680 0000979 100.4933 307.4802  1.00270743 24080
AMC-15                  
1 28446U 04041A   21280.86754661 -.00000090  00000-0  00000-0 0  9999
2 28446   0.0497  59.8232 0002584 139.3693  24.8227  1.00271261 62146
NSS-10 (AMC-12)         
1 28526U 05003A   21281.17827111 -.00000250  00000-0  00000+0 0  9990
2 28526   2.1605  89.9057 0002793  99.1487 214.7376  1.00271233 61147
XTAR-EUR                
1 28542U 05005A   21279.87570315  .00000150  00000-0  00000-0 0  9994
2 28542   0.0216 204.0049 0002478 345.3042 170.6863  1.00270171 61000
XM-3 (RHYTHM)           
1 28626U 05008A   21281.20407861 -.00000206  00000-0  00000+0 0  9997
2 28626   0.0200 210.6985 0001334 244.3223 270.3805  1.00268083 60896
INMARSAT 4-F1           
1 28628U 05009A   21280.91708652 -.00000260  00000-0  00000+0 0  9999
2 28628   3.4367  32.2516 0002764 168.0989 290.0952  1.00272690 60482
DIRECTV 8               
1 28659U 05019A   21280.61366760  .00000000  00000-0  00000-0 0  9993
2 28659   0.0198 182.7545 0002938  15.5346 280.0804  1.00270127 59891
GALAXY 28 (G-28)        
1 28702U 05022A   21280.87068647 -.00000186  00000-0  00000-0 0  9993
2 28702   0.0201 214.6541 0000929 296.1293  90.3877  1.00270573 34803
EXPRESS-AM3             
1 28707U 05023A   21281.18018308  .00000135  00000-0  00000+0 0  9995
2 28707   2.9508  86.0460 0001161 130.7075 248.1364  1.00271814 59664
THAICOM 4               
1 28786U 05028A   21280.98402950 -.00000364  00000-0  00000+0 0  9999
2 28786   0.0109 225.7425 0002540 323.2425 301.6191  1.00269898 59145
GALAXY 14 (G-14)        
1 28790U 05030A   21280.82323978  .00000155  00000-0  00000+0 0  9999
2 28790   0.6252  94.3935 0002548 106.2463 145.3360  1.00269871 59120
ANIK F1R                
1 28868U 05036A   21281.24282035 -.00000076  00000-0  00000+0 0  9999
2 28868   0.0097 235.8197 0000807 325.9568 155.4167  1.00272013 58983
GALAXY 15 (G-15)        
1 28884U 05041A   21280.71840356  .00000078  00000-0  00000-0 0  9992
2 28884   0.0378  93.4334 0001820 107.1582 301.6275  1.00271132 58432
SYRACUSE 3A             
1 28885U 05041B   21280.89781130  .00000128  00000-0  00000-0 0  9992
2 28885   0.4886  96.2741 0002738  98.8570 191.8364  1.00272343 58563
INMARSAT 4-F2           
1 28899U 05044A   21280.90121281  .00000010  00000-0  00000-0 0  9997
2 28899   3.3167  34.8641 0002763 169.4935 200.7652  1.00272658 58342
SPACEWAY 2              
1 28903U 05046B   21281.30563192  .00000103  00000-0  00000+0 0  9993
2 28903   1.3139  90.1688 0000178   3.1858 254.9378  1.00271783 58318
METEOSAT-9 (MSG-2)      
1 28912U 05049B   21280.67383508  .00000020  00000-0  00000-0 0  9995
2 28912   5.4523  67.7923 0000906  31.5526 163.1414  1.00274379 57852
EUTELSAT 174A           
1 28924U 05052A   21280.81149506  .00000008  00000-0  00000+0 0  9991
2 28924   0.0166  40.6651 0006552 157.4726 284.6522  1.00270761 57805
ECHOSTAR 10             
1 28935U 06003A   21281.22407150 -.00000057  00000-0  00000+0 0  9993
2 28935   0.0436  69.5708 0001496  85.2941 192.7362  1.00270187 57341
SPAINSAT                
1 28945U 06007A   21280.03904584 -.00000217  00000-0  00000-0 0  9998
2 28945   0.0206 215.8773 0005542 350.3015 153.8240  1.00271664 57039
EUTELSAT HOTBIRD 13E    
1 28946U 06007B   21280.89109550  .00000086  00000-0  00000-0 0  9996
2 28946   0.0395 170.2506 0006989  27.2587 153.0465  1.00271923 57126
JCSAT-5A                
1 29045U 06010A   21280.98655883 -.00000329  00000-0  00000+0 0  9996
2 29045   0.0094 164.6768 0001879  36.3752 303.0261  1.00270397 56762
ASTRA 1KR               
1 29055U 06012A   21280.89231656  .00000118  00000-0  00000-0 0  9993
2 29055   0.0044 212.4406 0005000 359.2426 145.5461  1.00268702 28547
EWS-G1 (GOES 13)        
1 29155U 06018A   21280.90077672  .00000034  00000-0  00000-0 0  9995
2 29155   0.1534 113.9927 0006877  98.4412 190.3332  1.00269022 26196
EUTELSAT 113 WEST A     
1 29162U 06020A   21280.61827560 -.00000038  00000-0  00000-0 0  9998
2 29162   0.0430  80.4415 0003041 115.0403 290.5862  1.00271972 56296
GALAXY 16 (G-16)        
1 29236U 06023A   21281.23032580 -.00000129  00000-0  00000+0 0  9992
2 29236   0.0187 181.6106 0002688  17.4086 161.9940  1.00272533 56096
EUTELSAT HOTBIRD 13B    
1 29270U 06032A   21280.89109550  .00000085  00000-0  00000-0 0  9994
2 29270   0.0755   3.9061 0001909 226.6560 119.9858  1.00270042 30127
JCSAT-3A                
1 29272U 06033A   21280.98568664 -.00000346  00000-0  00000+0 0  9992
2 29272   0.0134 206.7876 0002284 341.4418 311.4916  1.00271199 55587
SYRACUSE 3B             
1 29273U 06033B   21280.88743234 -.00000045  00000-0  00000-0 0  9997
2 29273   0.0211 225.0974 0004220 321.2022 144.7615  1.00270358 55529
KOREASAT 5 (MUGUNGWHA 5)
1 29349U 06034A   21280.98280845 -.00000359  00000-0  00000+0 0  9994
2 29349   0.0100 189.4842 0001929  20.0605 274.1806  1.00273698 55453
DIRECTV 9S              
1 29494U 06043A   21281.22877758 -.00000115  00000-0  00000+0 0  9998
2 29494   0.0138 200.8859 0002914 350.7230 166.6547  1.00271990 54935
OPTUS D1                
1 29495U 06043B   21280.92040081 -.00000112  00000-0  00000-0 0  9994
2 29495   0.0467  84.8268 0003398 107.9281 315.3796  1.00271713 54943
XM-4 (BLUES)            
1 29520U 06049A   21281.18657144 -.00000025  00000-0  00000+0 0  9994
2 29520   0.0407 286.0474 0000082 249.2368 153.7246  1.00271963 54822
BADR-4                  
1 29526U 06051A   21280.82193153  .00000143  00000-0  00000+0 0  9998
2 29526   0.0543 341.1129 0004809 261.0472  96.4188  1.00271727 54712
WILDBLUE-1              
1 29643U 06054A   21281.22326900 -.00000051  00000-0  00000+0 0  9993
2 29643   0.0131 246.4427 0001646 311.1681 148.6813  1.00272249 54364
AMC-18                  
1 29644U 06054B   21280.87190753 -.00000217  00000-0  00000-0 0  9994
2 29644   0.0434  80.4242 0002513 120.4062  46.8038  1.00270322 54379
INSAT-4B                
1 30793U 07007A   21280.90548650 -.00000189  00000-0  00000-0 0  9995
2 30793   1.5951  92.3992 0005937 137.5309 198.3560  1.00271461 25024
SKYNET 5A               
1 30794U 07007B   21280.90749252 -.00000272  00000-0  00000-0 0  9990
2 30794   1.7134  89.6290 0003676 114.8441 234.2259  1.00271608 53516
ANIK F3                 
1 31102U 07009A   21280.61366788 -.00000003  00000-0  00000-0 0  9995
2 31102   0.0217 260.8032 0001933 300.7452 277.1674  1.00274496 29386
ASTRA 1L                
1 31306U 07016A   21280.68037691  .00000119  00000-0  00000-0 0  9991
2 31306   0.0503   3.9923 0003407 238.9495  37.7667  1.00274368 27841
GALAXY 17 (G-17)        
1 31307U 07016B   21280.87033759 -.00000175  00000-0  00000-0 0  9997
2 31307   0.0177 190.7034 0003200  12.7087  35.6304  1.00270901 52621
ZHONGXING-6B            
1 31800U 07031A   21280.88364179 -.00000363  00000-0  00000-0 0  9995
2 31800   0.0258 258.6270 0003302 295.7184 255.9734  1.00266849 52247
DIRECTV 10              
1 31862U 07032A   21280.86798271 -.00000104  00000-0  00000-0 0  9999
2 31862   0.0098  93.3706 0000109 103.4763  29.5763  1.00271209 28421
SPACEWAY 3              
1 32018U 07036A   21280.86955264 -.00000153  00000-0  00000-0 0  9998
2 32018   0.0023 133.4971 0000230 342.0016 119.3318  1.00271771 29373
BSAT-3A                 
1 32019U 07036B   21280.92432436 -.00000352  00000-0  00000-0 0  9998
2 32019   0.0283 182.2980 0004056  34.9650 242.1456  1.00270372 33330
OPTUS D2                
1 32252U 07044A   21280.84696312 -.00000185  00000-0  00000-0 0  9996
2 32252   0.0176 223.1067 0003632 328.1211 282.3811  1.00269891 51392
INTELSAT 11 (IS-11)     
1 32253U 07044B   21281.23419080 -.00000270  00000-0  00000+0 0  9990
2 32253   0.0129 241.3564 0001611 314.2276 222.8570  1.00271658 51358
WGS F1 (USA 195)        
1 32258U 07046A   21280.88970001  .00000040  00000-0  00000-0 0  9997
2 32258   0.0188 135.2301 0000955  60.1651 147.6277  1.00271006 35191
STAR ONE C1             
1 32293U 07056A   21280.87548347 -.00000277  00000-0  00000-0 0  9993
2 32293   0.3291  95.7664 0003427 113.0337  58.1385  1.00272756 34598
SKYNET 5B               
1 32294U 07056B   21280.89345039  .00000141  00000-0  00000-0 0  9998
2 32294   0.8931  90.1818 0003691 105.4667 167.8448  1.00271644 51018
ASTRA 4A (SIRIUS 4)     
1 32299U 07057A   21281.23181429  .00000031  00000-0  00000+0 0  9991
2 32299   0.0511  72.7810 0002599 118.8151 273.7727  1.00270699 50788
HORIZONS 2              
1 32388U 07063B   21280.95774139 -.00000184  00000-0  00000-0 0  9992
2 32388   0.0231 279.2104 0002259 286.5856 240.6779  1.00272020 50638
THURAYA-3               
1 32404U 08001A   21280.90810304 -.00000302  00000-0  00000+0 0  9995
2 32404   3.8970  18.6969 0003027 122.1303 301.3736  1.00272652 50356
EXPRESS-AM33            
1 32478U 08003A   21280.88629851 -.00000089  00000-0  00000-0 0  9993
2 32478   0.4221  95.6510 0000204 200.9462  28.3120  1.00272125 36555
THOR 5                  
1 32487U 08006A   21281.17538608 -.00000011  00000-0  00000+0 0  9992
2 32487   0.0209 241.0547 0002450 321.4255 236.9563  1.00270741 50004
AMC-14                  
1 32708U 08011A   21280.53306499  .00000086  00000-0  00000-0 0  9996
2 32708  21.6961  41.3353 0034341   6.2297 178.7353  1.00274438 50971
DIRECTV 11              
1 32729U 08013A   21281.29756247 -.00000128  00000-0  00000+0 0  9992
2 32729   0.0223  25.3829 0000160 104.3752 255.3578  1.00271120 49765
ICO G1                  
1 32763U 08016A   21280.86998873 -.00000171  00000-0  00000-0 0  9997
2 32763   3.8310  21.9924 0002357 162.0479  53.0433  1.00273304 49361
VINASAT-1               
1 32767U 08018A   21280.91481885 -.00000329  00000-0  00000+0 0  9993
2 32767   0.0143 232.0263 0001871 333.2993 272.7176  1.00273124 49412
STAR ONE C2             
1 32768U 08018B   21281.31555573 -.00000276  00000-0  00000+0 0  9996
2 32768   0.0586 111.0721 0000164   6.6687 303.5956  1.00413154 49377
TIANLIAN 1-01           
1 32779U 08019A   21280.90452711 -.00000138  00000-0  00000-0 0  9991
2 32779   5.1691  70.1567 0027324 268.8109  83.4656  1.00271344 49287
AMOS-3                  
1 32794U 08022A   21281.17477554 -.00000037  00000-0  00000+0 0  9991
2 32794   0.0401 107.4580 0002731  61.0592 267.3325  1.00271239 49278
GALAXY 18 (G-18)        
1 32951U 08024A   21281.21610911  .00000024  00000-0  00000+0 0  9994
2 32951   0.0182 171.3070 0002909  21.1263 139.4467  1.00271104 48908
CHINASAT 9 (ZX 9)       
1 33051U 08028A   21280.84007722 -.00000249  00000-0  00000-0 0  9999
2 33051   0.0094 193.3796 0003761   3.2790 214.7204  1.00270311 48853
SKYNET 5C               
1 33055U 08030A   21281.17198456 -.00000141  00000-0  00000+0 0  9998
2 33055   0.0646   5.7193 0003504 188.5115 226.8960  1.00269595 48721
TURKSAT 3A              
1 33056U 08030B   21280.89685191  .00000144  00000-0  00000-0 0  9997
2 33056   0.0580  81.3492 0004071  92.0891 208.2435  1.00274977 35177
INTELSAT 25 (IS-25)     
1 33153U 08034A   21280.88219926 -.00000225  00000-0  00000-0 0  9998
2 33153   0.0101 198.0826 0002717 345.4602 119.3148  1.00272643 48514
BADR-6                  
1 33154U 08034B   21280.89362483  .00000143  00000-0  00000-0 0  9995
2 33154   0.0625  40.5213 0002289 156.6020 167.3666  1.00268722 48574
ECHOSTAR 11             
1 33207U 08035A   21280.86650000 -.00000058  00000-0  00000-0 0  9993
2 33207   0.0446  74.6975 0002550 118.2252  25.7584  1.00271477 34054
SUPERBIRD-C2            
1 33274U 08038A   21280.91717375 -.00000253  00000-0  00000+0 0  9991
2 33274   0.0087 228.0948 0001307 317.1122 305.7181  1.00264938 48209
AMC-21                  
1 33275U 08038B   21280.60901102  .00000035  00000-0  00000-0 0  9999
2 33275   0.0466  69.1305 0002506 130.7476 270.9646  1.00270925 48319
INMARSAT 4-F3           
1 33278U 08039A   21281.23104848 -.00000140  00000-0  00000+0 0  9992
2 33278   3.2362  17.1750 0003025 184.6748 160.4283  1.00272525 48088
NIMIQ 4                 
1 33373U 08044A   21280.87208196 -.00000221  00000-0  00000-0 0  9995
2 33373   0.0253 259.4508 0002314 303.7388  45.5047  1.00270518 47804
GALAXY 19 (G-19)        
1 33376U 08045A   21280.86911654 -.00000140  00000-0  00000-0 0  9998
2 33376   0.0130 247.6513 0002946 305.0038  39.9732  1.00271834 47725
ASTRA 1M                
1 33436U 08057A   21280.82053602  .00000118  00000-0  00000-0 0  9998
2 33436   0.0400 110.4527 0004809  54.0998 166.7518  1.00268364 28544
CIEL-2                  
1 33453U 08063A   21280.71927575  .00000057  00000-0  00000-0 0  9993
2 33453   0.0283 134.3855 0003207  80.8149 291.4998  1.00272770 46967
EUTELSAT HOTBIRD 13C    
1 33459U 08065A   21280.89109550  .00000085  00000-0  00000-0 0  9996
2 33459   0.0625  34.6101 0004144 131.1300 184.8235  1.00269627 30160
EUTELSAT 48D            
1 33460U 08065B   21280.88594963 -.00000101  00000-0  00000-0 0  9993
2 33460   0.8241  95.6500 0003241  98.6881 128.8422  1.00270944 46776
FENGYUN 2E              
1 33463U 08066A   21280.90574816 -.00000199  00000-0  00000-0 0  9992
2 33463   5.3504  66.6449 0002742 332.8134  29.8626  1.00268154 46912
EXPRESS-AM44            
1 33595U 09007A   21281.23211583 -.00000090  00000-0  00000+0 0  9999
2 33595   0.0319 301.7506 0000083 328.5637 179.3516  1.00272017 46380
NSS-9                   
1 33749U 09008A   21281.19442132  .00000070  00000-0  00000+0 0  9999
2 33749   0.0523  71.6100 0001979 125.7808  72.7304  1.00272058 46389
EUTELSAT 33E            
1 33750U 09008B   21281.18218910  .00000154  00000-0  00000+0 0  9998
2 33750   0.0656  34.1912 0003881 152.5165 289.0193  1.00272493 46428
TELSTAR 11N             
1 34111U 09009A   21280.95280539 -.00000252  00000-0  00000+0 0  9991
2 34111   0.0201 209.8615 0002452 330.4382 141.9389  1.00268004 46233
EUTELSAT 10A            
1 34710U 09016A   21280.89048498  .00000067  00000-0  00000-0 0  9997
2 34710   0.0677  15.9246 0005396 178.1885 153.2110  1.00272069 24078
WGS F2 (USA 204)        
1 34713U 09017A   21281.09632731  .00000066  00000-0  00000+0 0  9991
2 34713   0.0161 129.0585 0000161 149.0766 191.0386  1.00270550 45769
SES-7 (PROTOSTAR 2)     
1 34941U 09027A   21280.94036104 -.00000347  00000-0  00000-0 0  9994
2 34941   0.0856  90.7753 0001202 156.7517 216.0774  1.00272541 45446
MEASAT-3A               
1 35362U 09032A   21280.90670757 -.00000243  00000-0  00000-0 0  9997
2 35362   0.0351 222.2137 0003120 347.0719 225.3982  1.00269207 45069
GOES 14                 
1 35491U 09033A   21280.86772105 -.00000095  00000-0  00000-0 0  9991
2 35491   0.3377 281.2506 0015544 292.6061  11.0374  1.00271086 44934
FM-5                    
1 35493U 09034A   21280.91991610 -.00000202  00000-0  00000-0 0  9994
2 35493   0.0320 307.2148 0000935  88.2032 226.4059  1.00272158 29472
TERRESTAR-1             
1 35496U 09035A   21281.22315271 -.00000057  00000-0  00000+0 0  9993
2 35496   2.8868  32.5381 0002781 166.4831 147.4133  1.00272609 44985
ASIASAT 5               
1 35696U 09042A   21280.90853914 -.00000309  00000-0  00000-0 0  9999
2 35696   0.0337 260.5261 0001312 289.6978 254.1172  1.00274951 44506
JCSAT-RA (JCSAT-12)     
1 35755U 09044A   21281.22577036 -.00000162  00000-0  00000+0 0  9997
2 35755   0.0191 203.5463 0001593 261.8820 150.5206  1.00136575 44483
OPTUS D3                
1 35756U 09044B   21281.22469295 -.00000149  00000-0  00000+0 0  9990
2 35756   0.0467  23.7902 0002333 176.1045  54.0756  1.00270815 44451
NIMIQ 5                 
1 35873U 09050A   21280.87400076 -.00000258  00000-0  00000-0 0  9991
2 35873   0.0384  99.3755 0003064 102.3295  56.9839  1.00270038 44173
AMAZONAS 2              
1 35942U 09054A   21280.87635566 -.00000283  00000-0  00000-0 0  9994
2 35942   0.0488 121.6780 0004911  57.9754  91.6058  1.00271343 44000
COMSATBW-1              
1 35943U 09054B   21280.90103837  .00000023  00000-0  00000-0 0  9991
2 35943   0.0377  87.7840 0002705  95.3316 221.0944  1.00268343 44128
NSS-12                  
1 36032U 09058A   21280.89981733  .00000070  00000-0  00000-0 0  9994
2 36032   0.0440  73.3333 0002720 124.5157 199.8662  1.00270274 43733
THOR 6                  
1 36033U 09058B   21280.88830453 -.00000011  00000-0  00000-0 0  9992
2 36033   0.0108 202.4715 0001701   1.9846 131.2595  1.00271785 43828
INTELSAT 14 (IS-14)     
1 36097U 09064A   21281.17827111 -.00000275  00000-0  00000+0 0  9990
2 36097   0.0180 175.5873 0002458  23.4230 197.2266  1.00272135 43512
EUTELSAT 36B            
1 36101U 09065A   21281.25812963  .00000154  00000-0  00000+0 0  9990
2 36101   0.0683  16.5422 0004706 176.7449 312.6497  1.00271796 43636
INTELSAT 15 (IS-15)     
1 36106U 09067A   21280.89570392 -.00000187  00000-0  00000-0 0  9991
2 36106   0.0184 277.6062 0002153 275.8972 230.8733  1.00270713 24049
WGS F3 (USA 211)        
1 36108U 09068A   21280.61133472  .00000017  00000-0  00000-0 0  9999
2 36108   0.0492  95.7720 0002840 193.8368 185.0892  1.00270492 29433
DIRECTV 12              
1 36131U 09075A   21281.22801516 -.00000105  00000-0  00000+0 0  9990
2 36131   0.0107 204.1794 0000101 244.3392 267.9095  1.00269038 43217
BEIDOU 3                
1 36287U 10001A   21280.56368939 -.00000281  00000-0  00000+0 0  9991
2 36287   1.6675  40.8553 0002428  78.6129 240.3318  1.00271016 42978
RADUGA-1M 2             
1 36358U 10002A   21280.69014487 -.00000185  00000-0  00000-0 0  9995
2 36358   0.0708 260.8525 0002847 318.5056 130.6657  1.00270390 32914
SDO                     
1 36395U 10005A   21280.52423310 -.00000040  00000-0  00000+0 0  9999
2 36395  31.1677 113.3517 0000334 264.8821  85.2114  1.00273765 42845
INTELSAT 16 (IS-16)     
1 36397U 10006A   21280.87330302 -.00000246  00000-0  00000-0 0  9997
2 36397   0.0137 263.7382 0002012 285.8121  65.3951  1.00271955 42470
GOES 15                 
1 36411U 10008A   21280.64766965  .00000053  00000-0  00000-0 0  9994
2 36411   0.3678 275.6920 0000906 232.1334 333.9433  1.00262356 42497
ECHOSTAR 14             
1 36499U 10010A   21280.93653617 -.00000001  00000-0  00000+0 0  9997
2 36499   0.0168 227.3428 0002941 325.4182  42.3141  1.00271374 42351
SES-1                   
1 36516U 10016A   21280.86833157 -.00000115  00000-0  00000-0 0  9991
2 36516   0.0133 218.6512 0002431 331.1491  38.5040  1.00270280 41866
ASTRA 3B                
1 36581U 10021A   21280.89318875  .00000136  00000-0  00000-0 0  9999
2 36581   0.0802  70.1329 0003685 122.2359 169.4211  1.00271390 41690
COMSATBW-2              
1 36582U 10021B   21280.89109550  .00000087  00000-0  00000-0 0  9993
2 36582   0.0380  93.2733 0002367 117.1423 140.3317  1.00270021 41772
BADR-5                  
1 36592U 10025A   21281.18079361  .00000144  00000-0  00000+0 0  9990
2 36592   0.0149 166.3546 0005500  18.0732 283.7400  1.00275293 41720
COMS 1                  
1 36744U 10032A   21280.91403389 -.00000345  00000-0  00000-0 0  9993
2 36744   0.4798  95.9654 0000734  85.4834 292.5592  1.00270122 33913
ARABSAT-5A              
1 36745U 10032B   21280.82280369  .00000152  00000-0  00000+0 0  9999
2 36745   0.0619  32.7005 0004938 168.9891 141.6862  1.00272047 41440
ECHOSTAR 15             
1 36792U 10034A   21280.87618120 -.00000283  00000-0  00000-0 0  9995
2 36792   0.0439  76.8531 0002012  96.6441  97.0145  1.00274206 41159
BEIDOU 5                
1 36828U 10036A   21280.87227631 -.00000113  00000-0  00000-0 0  9992
2 36828  54.1813 178.5566 0023165 180.2615  79.1658  1.00271076 41048
NILESAT 201             
1 36830U 10037A   21280.88708347 -.00000059  00000-0  00000-0 0  9994
2 36830   0.0500 150.0272 0004438  24.3402 154.7369  1.00272207 41188
RASCOM-QAF 1R           
1 36831U 10037B   21280.88908949  .00000017  00000-0  00000-0 0  9998
2 36831   0.0202 146.1381 0005876  68.3589 125.2204  1.00271981 41118
AEHF-1 (USA 214)        
1 36868U 10039A   21280.81748339  .00000028  00000-0  00000-0 0  9990
2 36868   3.9001  90.1667 0004761  51.3934 173.5146  1.00267242 36479
CHINASAT 6A (ZX 6A)     
1 37150U 10042A   21280.91342336 -.00000355  00000-0  00000-0 0  9991
2 37150   0.0115 215.0169 0001522 293.4659 322.1873  1.00268934 40729
QZS-1 (MICHIBIKI-1)     
1 37158U 10045A   21280.91822036 -.00000090  00000-0  00000+0 0  9997
2 37158  42.0697 136.8933 0747618 270.2212  80.6858  1.00293202 40532
XM-5                    
1 37185U 10053A   21280.58443648 -.00000206  00000-0  00000-0 0  9997
2 37185   0.0142 214.5849 0000392  21.6512 265.5216  1.00269986 40302
BSAT-3B                 
1 37207U 10056B   21280.98412619 -.00000352  00000-0  00000+0 0  9994
2 37207   0.0605  13.9884 0002431 251.8436 215.1662  1.00271412 40098
BEIDOU 6                
1 37210U 10057A   21280.84853306 -.00000113  00000-0  00000-0 0  9992
2 37210   0.7365  37.3913 0004388 144.2598 300.4763  1.00273493 40105
SKYTERRA 1              
1 37218U 10061A   21281.24167204 -.00000118  00000-0  00000+0 0  9999
2 37218   2.2179  22.1933 0003667 169.1594 171.4388  1.00272024 40050
ZHONGXING-20A           
1 37234U 10064A   21280.91368501 -.00000350  00000-0  00000-0 0  9995
2 37234   2.0150  91.4007 0002481 122.9587 257.7333  1.00267399 39851
HYLAS 1                 
1 37237U 10065A   21280.71587424  .00000101  00000-0  00000-0 0  9997
2 37237   1.2808  92.7389 0002294 177.5961 218.0638  1.00595129 39804
INTELSAT 17 (IS-17)     
1 37238U 10065B   21280.88560538 -.00000003  00000-0  00000+0 0  9994
2 37238   0.0347 141.5655 0002740  60.2278 199.7865  1.00271754 39749
BEIDOU 7                
1 37256U 10068A   21280.42895905 -.00000186  00000-0  00000+0 0  9998
2 37256  50.6664 292.6706 0017986 189.2977 157.6986  1.00273660 39603
EUTELSAT KA-SAT 9A      
1 37258U 10069A   21280.81853001  .00000060  00000-0  00000-0 0  9996
2 37258   0.0730 264.5013 0004204 253.1767 162.6948  1.00270570 26825
HISPASAT 30W-5          
1 37264U 10070A   21281.17271682 -.00000218  00000-0  00000+0 0  9999
2 37264   0.0399 116.4626 0005361  61.8273 230.9110  1.00269846 39490
KOREASAT 6              
1 37265U 10070B   21280.88364179 -.00000363  00000-0  00000+0 0  9992
2 37265   0.0128 215.6099 0001911   7.3186 227.9274  1.00269462 39505
BEIDOU 8                
1 37384U 11013A   21280.72380925 -.00000171  00000-0  00000-0 0  9990
2 37384  59.9328  56.7754 0019073 180.9906 145.7079  1.00276431 38480
INTELSAT NEW DAWN       
1 37392U 11016A   21280.82323978  .00000154  00000-0  00000-0 0  9998
2 37392   0.0180 223.9819 0001487 314.6483 167.2369  1.00273010 36106
YAHSAT 1A               
1 37393U 11016B   21280.61182299  .00000100  00000-0  00000-0 0  9996
2 37393   0.0182 230.8097 0000916 328.7167  89.7182  1.00269156 25212
SBIRS GEO-1 (USA 230)   
1 37481U 11019A   21281.11703715 -.00000009  00000-0  00000+0 0  9993
2 37481   1.8071   8.9857 0002336 184.8266 291.5088  1.00272402 38167
TELSTAR 14R             
1 37602U 11021A   21280.87591955 -.00000281  00000-0  00000-0 0  9997
2 37602   0.0529  77.5520 0000200 107.9035  83.6353  1.00271272 38640
GSAT-8                  
1 37605U 11022A   21280.89946845  .00000083  00000-0  00000-0 0  9994
2 37605   0.0450  96.1831 0005840 156.8079 142.6837  1.00272496 36037
ST-2                    
1 37606U 11022B   21280.95296970 -.00000213  00000-0  00000-0 0  9995
2 37606   0.0143 218.3002 0001700 346.3328 243.2619  1.00272836 38091
CHINASAT 10 (ZX 10)     
1 37677U 11026A   21280.78584387 -.00000353  00000-0  00000-0 0  9995
2 37677   0.0966 261.3745 0004808 281.4357 227.2493  1.00268591 37811
TIANLIAN 1-02           
1 37737U 11032A   21280.85071351 -.00000016  00000-0  00000+0 0  9994
2 37737   2.5673  74.8171 0020285 105.4209 313.7274  1.00270894 37545
GSAT-12                 
1 37746U 11034A   21281.18515451  .00000124  00000-0  00000+0 0  9996
2 37746   0.7425  95.3511 0008627  11.0063  25.2846  1.00271671 37782
SES-3                   
1 37748U 11035A   21281.22801485 -.00000103  00000-0  00000+0 0  9997
2 37748   0.0508  62.1501 0002968 140.0646 153.9706  1.00271608 37528
KAZSAT-2                
1 37749U 11035B   21281.12104919 -.00000200  00000-0  00000+0 0  9993
2 37749   0.0462 306.8615 0000467 320.7549 239.4717  1.00273348 37393
BEIDOU 9                
1 37763U 11038A   21280.87197594 -.00000069  00000-0  00000-0 0  9998
2 37763  54.4689 181.0175 0086612 226.7584  17.0670  1.00286982 37461
ASTRA 1N                
1 37775U 11041A   21280.41021450  .00000119  00000-0  00000-0 0  9997
2 37775   0.0645  30.9040 0001379 114.7995  37.4950  1.00274421 27343
BSAT-3C (JCSAT-110R)    
1 37776U 11041B   21280.92432528 -.00000352  00000-0  00000-0 0  9996
2 37776   0.0518  63.6580 0000232   5.7178  30.1430  1.00270956 33309
PAKSAT-1R               
1 37779U 11042A   21281.18314851  .00000152  00000-0  00000+0 0  9993
2 37779   0.0348  47.2122 0000225 241.4093 192.3726  1.00273567 37102
CHINASAT 1A (ZX 1A)     
1 37804U 11047A   21280.88784014 -.00000340  00000-0  00000-0 0  9996
2 37804   0.0434 343.3244 0001737 310.1110 172.7878  1.00269366 10186
SES-2                   
1 37809U 11049A   21281.20327639 -.00000198  00000-0  00000+0 0  9996
2 37809   0.0467  79.0972 0002717 113.7844 170.3818  1.00271264 36825
ARABSAT-5C              
1 37810U 11049B   21280.89249101  .00000122  00000-0  00000-0 0  9996
2 37810   0.0605 358.8046 0006992 195.7899 163.4772  1.00269466 36878
EUTELSAT 7 WEST A       
1 37816U 11051A   21280.88699625 -.00000061  00000-0  00000-0 0  9997
2 37816   0.0717  32.6689 0005807 161.3067 134.8058  1.00270695 36716
QUETZSAT 1              
1 37826U 11054A   21280.87312858 -.00000243  00000-0  00000-0 0  9992
2 37826   0.0454  64.3862 0002771 134.9179  54.7716  1.00270392 32718
INTELSAT 18 (IS-18)     
1 37834U 11056A   21280.85263231  .00000051  00000-0  00000-0 0  9997
2 37834   0.0370 348.7596 0001805 201.2922 313.6325  1.00270426 36634
EUTELSAT 16A            
1 37836U 11057A   21281.23313326  .00000102  00000-0  00000+0 0  9990
2 37836   0.0686   3.4512 0004892 195.6215 277.9705  1.00269757 36616
VIASAT-1                
1 37843U 11059A   21280.93732112 -.00000025  00000-0  00000+0 0  9999
2 37843   0.0180 215.9461 0002128 334.0306  49.1573  1.00270439 37090
ASIASAT 7               
1 37933U 11069A   21280.98548339 -.00000335  00000-0  00000-0 0  9996
2 37933   0.0513  43.0783 0001409 116.4805 317.5465  1.00268542 36288
BEIDOU 10               
1 37948U 11073A   21279.95472206 -.00000136  00000-0  00000-0 0  9990
2 37948  50.7707 292.2990 0078952 217.6849 305.5127  1.00267961 36217
LUCH 5A                 
1 37951U 11074B   21280.84992855 -.00000045  00000-0  00000+0 0  9990
2 37951   4.3845 102.8351 0002913  58.6496 328.1367  1.00270804 36016
NIGCOMSAT 1R            
1 38014U 11077A   21281.18402067  .00000143  00000-0  00000+0 0  9991
2 38014   0.0397 350.0041 0001781 122.6918  13.1072  1.00268543 35850
FENGYUN 2F              
1 38049U 12002A   21281.16970213 -.00000357  00000-0  00000+0 0  9997
2 38049   3.1778  81.4415 0002189  10.6996  98.1257  1.00278905 35716
WGS F4 (USA 233)        
1 38070U 12003A   21281.12139806 -.00000216  00000-0  00000+0 0  9997
2 38070   0.0026 198.7813 0000160 298.1038  12.2288  1.00270360 35542
SES-4                   
1 38087U 12007A   21280.88411806 -.00000169  00000-0  00000-0 0  9992
2 38087   0.0195 273.6051 0002445 280.8109 118.6254  1.00270825 35055
BEIDOU 11               
1 38091U 12008A   21281.15113578  .00000056  00000-0  00000+0 0  9997
2 38091   1.7929  70.2246 0003006 317.2527 102.6411  1.00273152 35305
MUOS-1                  
1 38093U 12009A   21280.86850602 -.00000127  00000-0  00000-0 0  9994
2 38093   2.6953  24.4786 0050607 359.6392 205.2454  1.00273735 35262
INTELSAT 22 (IS-22)     
1 38098U 12011A   21281.11817098 -.00000061  00000-0  00000+0 0  9999
2 38098   0.0189 148.7074 0003093  55.9828 286.9439  1.00272804 34878
APSTAR 7                
1 38107U 12013A   21281.11904317 -.00000103  00000-0  00000+0 0  9990
2 38107   0.0201 211.9209 0002424 346.5492 297.8477  1.00270247 34995
YAHSAT 1B               
1 38245U 12016A   21281.18506729  .00000125  00000-0  00000+0 0  9991
2 38245   0.0188 176.5549 0000804  27.6234 287.0998  1.00270829 34744
AEHF-2 (USA 235)        
1 38254U 12019A   21280.91991610 -.00000162  00000-0  00000-0 0  9994
2 38254   2.8329  58.1661 0001976 146.0984  57.9790  0.99941434 33679
JCSAT-13                
1 38331U 12023A   21280.81796606 -.00000358  00000-0  00000-0 0  9999
2 38331   0.0111 229.6079 0002358 330.2670 235.2876  1.00270329 34348
VINASAT-2               
1 38332U 12023B   21280.91473163 -.00000331  00000-0  00000-0 0  9992
2 38332   0.0149 221.6403 0001869 330.9515 285.3170  1.00267552 29480
NIMIQ 6                 
1 38342U 12026A   21281.20090043 -.00000175  00000-0  00000+0 0  9996
2 38342   0.0477  84.5432 0002149 104.2179 169.5262  1.00270027 34429
CHINASAT 2A (ZX 2A)     
1 38352U 12028A   21280.90810304 -.00000294  00000-0  00000-0 0  9998
2 38352   0.0185  25.6550 0001573 283.6365 132.6410  1.00268674 34197
INTELSAT 19 (IS-19)     
1 38356U 12030A   21280.84975411 -.00000057  00000-0  00000+0 0  9995
2 38356   0.0142 239.5245 0003076 320.1415 288.9788  1.00271616 34333
ECHOSTAR 17             
1 38551U 12035A   21281.25799520 -.00000077  00000-0  00000+0 0  9990
2 38551   0.0187 195.4385 0002074 352.4559 174.9834  1.00269681 33950
METEOSAT-10 (MSG-3)     
1 38552U 12035B   21280.89039775  .00000062  00000-0  00000-0 0  9993
2 38552   1.2511  21.5250 0001565 192.8348 132.3999  1.00278225 33674
SES-5                   
1 38652U 12036A   21280.88943836  .00000032  00000-0  00000-0 0  9993
2 38652   0.0566 292.1477 0001895 251.0811 158.7161  1.00269651 27318
TIANLIAN 1-03           
1 38730U 12040A   21280.68170472  .00000125  00000-0  00000+0 0  9993
2 38730   1.3776  94.7488 0002141 339.4142 208.1877  1.00272910 33800
INTELSAT 20 (IS-20)     
1 38740U 12043A   21281.11747324 -.00000026  00000-0  00000+0 0  9993
2 38740   0.0128 173.4187 0002172   9.4102 304.9476  1.00270886 33656
HYLAS 2                 
1 38741U 12043B   21280.82289091  .00000153  00000-0  00000+0 0  9993
2 38741   0.0179 122.0749 0001737  58.4759 163.4315  1.00270042 33671
INTELSAT 21 (IS-21)     
1 38749U 12045A   21281.25393255 -.00000286  00000-0  00000+0 0  9997
2 38749   0.0183 185.7871 0002483   5.4237 219.3070  1.00270732 33460
ASTRA 2F                
1 38778U 12051A   21280.89406091  .00000149  00000-0  00000-0 0  9996
2 38778   0.0642 237.1946 0004341 336.6892 152.9638  1.00274519 23949
GSAT-10                 
1 38779U 12051B   21281.12035146 -.00000167  00000-0  00000+0 0  9993
2 38779   0.0145 153.4831 0002343  58.8485 290.9832  1.00272345 33116
INTELSAT 23 (IS-23)     
1 38867U 12057A   21280.87792557 -.00000286  00000-0  00000-0 0  9997
2 38867   0.0166 231.4509 0001686 319.4411  88.9236  1.00270916 32765
BEIDOU 16               
1 38953U 12059A   21280.99664981 -.00000177  00000-0  00000-0 0  9996
2 38953   1.3640  84.1437 0009267 281.6812  93.9443  1.00272867 32878
LUCH 5B                 
1 38977U 12061A   21280.68452233 -.00000131  00000-0  00000+0 0  9995
2 38977   6.7466  64.4189 0003769  98.7121  83.5791  1.00271967 32999
YAMAL 300K              
1 38978U 12061B   21280.85315563  .00000070  00000-0  00000-0 0  9991
2 38978   0.0171 207.4372 0001056 258.3097  41.0331  1.00274475 32464
STAR ONE C3             
1 38991U 12062A   21281.31224163 -.00000251  00000-0  00000+0 0  9995
2 38991   0.0354  94.6667 0002538 120.8790 199.0467  1.00273484 32681
EUTELSAT 21B            
1 38992U 12062B   21280.89275265  .00000128  00000-0  00000-0 0  9990
2 38992   0.0694   3.8630 0002572 183.1769 172.7328  1.00269142 32654
ECHOSTAR 16             
1 39008U 16039B   21281.25229670 -.00000283  00000-0  00000+0 0  9999
2 39008   0.0163 191.9822 0002151   0.0250 214.4094  1.00268484 32631
CHINASAT 12 (ZX 12)     
1 39017U 12067A   21280.95296948 -.00000208  00000-0  00000-0 0  9992
2 39017   0.0188 230.4846 0002974 319.6106 257.2959  1.00269775 32320
EUTELSAT 70B            
1 39020U 12069A   21280.84257071 -.00000045  00000-0  00000-0 0  9999
2 39020   0.0651 356.4135 0006845 209.9909 184.1279  1.00272246 32322
YAMAL 402               
1 39022U 12070A   21281.10188162  .00000084  00000-0  00000+0 0  9998
2 39022   0.0199 162.9396 0002282  42.8786 262.7637  1.00274143 32428
SKYNET 5D               
1 39034U 12075A   21281.18611391  .00000097  00000-0  00000+0 0  9993
2 39034   0.0767 356.7314 0004197 203.4588 296.6294  1.00274424 32345
MEXSAT 3                
1 39035U 12075B   21280.61706071 -.00000027  00000-0  00000-0 0  9996
2 39035   0.0146 246.0294 0002701 314.7263 283.0907  1.00269871 32004
TDRS 11                 
1 39070U 13004A   21281.24986816  .00000075  00000-0  00000+0 0  9996
2 39070   3.1963 339.6913 0003633  93.2946 219.6794  1.00269747 31801
AMAZONAS 3              
1 39078U 13006A   21281.25229708 -.00000284  00000-0  00000+0 0  9990
2 39078   0.0267 219.7118 0005215 355.6274 191.5680  1.00267259 31790
AZERSPACE 1             
1 39079U 13006B   21281.18471843  .00000131  00000-0  00000+0 0  9992
2 39079   0.0161 190.7872 0002135  26.3909 272.3685  1.00274561 31757
SBIRS GEO-2 (USA 241)   
1 39120U 13011A   21280.89257821  .00000121  00000-0  00000-0 0  9990
2 39120   1.8688   7.5230 0002393 185.0887 166.1846  1.00272624 31357
EUTELSAT 117 WEST A     
1 39122U 13012A   21280.61598866 -.00000014  00000-0  00000-0 0  9992
2 39122   0.0489  62.3220 0002790 132.5392 286.5876  1.00271560 31264
ANIK G1                 
1 39127U 13014A   21280.86711052 -.00000075  00000-0  00000-0 0  9997
2 39127   0.0173 228.6095 0002909 318.7066  34.2925  1.00271222 31071
CHINASAT 11 (ZX 11)     
1 39157U 13020A   21280.90801583 -.00000292  00000-0  00000-0 0  9992
2 39157   0.0310 257.7730 0000358 294.3073 249.4844  1.00273053 30971
EUTELSAT 7B             
1 39163U 13022A   21280.67453284  .00000047  00000-0  00000-0 0  9993
2 39163   0.0684  18.8551 0001252 319.9542 287.5702  1.00272048 30797
WGS F5 (USA 243)        
1 39168U 13024A   21280.87801279 -.00000285  00000-0  00000-0 0  9998
2 39168   0.0116 217.5697 0000150 330.7298  92.0468  1.00271835 29997
SES-6                   
1 39172U 13026A   21280.95219487 -.00000262  00000-0  00000+0 0  9992
2 39172   0.0433 294.8114 0002603 267.7709 116.5319  1.00271705 30543
IRNSS-1A                
1 39199U 13034A   21280.54065296  .00000111  00000-0  00000-0 0  9995
2 39199  31.8687  89.2638 0020656 178.1801 358.6323  1.00270488 30189
MUOS-2                  
1 39206U 13036A   21280.85306840  .00000065  00000-0  00000-0 0  9991
2 39206   2.5638  14.0081 0057557 179.9031 312.8890  1.00274683 30015
ALPHASAT                
1 39215U 13038A   21280.89345039  .00000135  00000-0  00000-0 0  9998
2 39215   2.6214  15.9385 0002501 190.4026 156.9341  1.00271799 26832
INSAT-3D                
1 39216U 13038B   21280.90487597 -.00000157  00000-0  00000-0 0  9992
2 39216   0.0105 212.2897 0001339 333.6184 238.6974  1.00269915 29917
WGS F6 (USA 244)        
1 39222U 13041A   21280.64618694  .00000088  00000-0  00000-0 0  9990
2 39222   0.0175 203.4279 0000160 217.7328  52.7703  1.00269992 28874
ES'HAIL 1               
1 39233U 13044A   21280.89353762  .00000142  00000-0  00000-0 0  9995
2 39233   0.0624  25.4246 0001799 160.5606 177.9372  1.00272109 29455
GSAT-7                  
1 39234U 13044B   21281.11851986 -.00000079  00000-0  00000+0 0  9992
2 39234   0.0445 104.9323 0008182 146.8374 241.9062  1.00271946 29724
AMOS-4                  
1 39237U 13045A   21281.09632731  .00000006  00000-0  00000+0 0  9997
2 39237   0.0234 243.3685 0001629 334.3496 258.9356  1.00270199 29712
AEHF-3 (USA 246)        
1 39256U 13050A   21281.19752775  .00000134  00000-0  00000+0 0  9998
2 39256   1.1344  64.0857 0055722 183.8403  45.2095  1.00275503 29502
ASTRA 2E                
1 39285U 13056A   21281.22202194  .00000149  00000-0  00000+0 0  9991
2 39285   0.0638 351.0095 0002923 212.5753 281.9409  1.00273632 29413
FM-6                    
1 39360U 13058A   21280.61598927 -.00000018  00000-0  00000-0 0  9998
2 39360   0.0372 267.3932 0000197 186.4661  28.2184  1.00272545 28883
RADUGA-1M 3             
1 39375U 13062A   21281.21478282  .00000155  00000-0  00000+0 0  9997
2 39375   1.5983  92.4618 0001511 351.0790  45.8175  1.00273255 28957
SES-8                   
1 39460U 13071A   21280.90740531 -.00000271  00000-0  00000-0 0  9997
2 39460   0.0157 216.4594 0001687 297.6552 284.3434  1.00270788 27242
INMARSAT 5-F1           
1 39476U 13073A   21281.11625219  .00000027  00000-0  00000+0 0  9992
2 39476   0.0200 209.5839 0000147 151.4167 120.4233  1.00269213 28757
TKSAT-1 (TUPAC KATARI)  
1 39481U 13075A   21281.20327557 -.00000197  00000-0  00000+0 0  9993
2 39481   0.0395 352.5957 0002000 190.0993 180.3466  1.00272653 28670
EXPRESS-AM5             
1 39487U 13077A   21281.09613515 -.00000282  00000-0  00000+0 0  9995
2 39487   0.0256 304.7037 0001140  37.0217 209.8837  1.00269660 29172
GSAT-14                 
1 39498U 14001A   21280.90321883 -.00000079  00000-0  00000-0 0  9993
2 39498   0.0117 165.9662 0005169  64.7588 185.2211  1.00271387 28221
THAICOM 6               
1 39500U 14002A   21281.11947927 -.00000123  00000-0  00000+0 0  9994
2 39500   0.0597 122.0449 0004349  40.2055 336.2705  1.00270321 28347
TDRS 12                 
1 39504U 14004A   21281.14938109 -.00000276  00000-0  00000+0 0  9994
2 39504   4.1030 343.2768 0002948 203.4639 203.0895  1.00267789 28270
ABS-2                   
1 39508U 14006A   21280.90339326 -.00000088  00000-0  00000-0 0  9991
2 39508   0.0493  61.8795 0002625 119.8801 235.1740  1.00271542 28107
ATHENA-FIDUS            
1 39509U 14006B   21280.82419919  .00000153  00000-0  00000-0 0  9992
2 39509   0.0180 256.1302 0001620 304.8719 150.2095  1.00272453 27899
TURKSAT 4A              
1 39522U 14007A   21281.18393347  .00000145  00000-0  00000+0 0  9994
2 39522   0.0365 261.8550 0003934 327.6888 255.7130  1.00271708 28037
EXPRESS-AT1             
1 39612U 14010A   21281.22688057  .00000077  00000-0  00000+0 0  9992
2 39612   0.0385 320.7462 0000270 125.5690  68.4682  1.00271980 27876
EXPRESS-AT2             
1 39613U 14010B   21280.91638877 -.00000283  00000-0  00000-0 0  9994
2 39613   0.0366 325.5011 0000514 283.7491 237.2967  1.00271644 27707
AMAZONAS 4A             
1 39616U 14011A   21281.31310326 -.00000254  00000-0  00000+0 0  9996
2 39616   0.1093  79.2392 0003179 112.6335 224.0141  1.00269498 27690
ASTRA 5B                
1 39617U 14011B   21281.22202194  .00000153  00000-0  00000+0 0  9997
2 39617   0.0485 337.9211 0004157 215.0575 295.5441  1.00271286 27694
IRNSS-1B                
1 39635U 14017A   21281.05188392  .00000088  00000-0  00000+0 0  9994
2 39635  29.2607 269.3051 0020087 189.7437 351.5477  1.00267937 27620
LUCH 5V                 
1 39727U 14023A   21280.90740531 -.00000270  00000-0  00000-0 0  9990
2 39727   0.9207  66.6985 0002129 119.9860 251.5174  1.00272843 27186
KAZSAT-3                
1 39728U 14023B   21280.95913509  .00000057  00000-0  00000-0 0  9995
2 39728   0.0099 206.9468 0000674  69.6560 144.0380  1.00280735 25264
EUTELSAT 3B             
1 39773U 14030A   21280.88908949  .00000018  00000-0  00000-0 0  9994
2 39773   0.0655   7.5798 0005800 181.4308 150.9353  1.00269870 26884
USA 254                 
1 40100U 14043B   21280.17224355 -.00000123  00000-0  00000+0 0  9995
2 40100   0.2756  97.4625 0000619 278.3817  70.1088  0.99128465  1562
ASIASAT 8 (AMOS-7)      
1 40107U 14046A   21280.88769399 -.00000034  00000-0  00000-0 0  9997
2 40107   0.0101 212.9085 0002206 331.2749 148.2672  1.00271200 84973
ASIASAT 6               
1 40141U 14052A   21280.76881566 -.00000363  00000-0  00000+0 0  9994
2 40141   0.0312 138.1784 0000714  76.2856 198.8440  1.00268358 25987
OPTUS 10                
1 40146U 14054A   21281.13491687 -.00000148  00000-0  00000+0 0  9995
2 40146   0.0774  51.6268 0004313 137.8500  32.1088  1.00271714 25943
MEASAT-3B               
1 40147U 14054B   21281.12192137 -.00000243  00000-0  00000+0 0  9999
2 40147   0.0449  12.3570 0000938 210.0674 289.9436  1.00270388 25998
LUCH (OLYMP)            
1 40258U 14058A   21280.95570119  .00000046  00000-0  00000-0 0  9997
2 40258   0.0433 289.1622 0001984 294.6389 197.0593  1.00277972 23817
HIMAWARI-8              
1 40267U 14060A   21280.91647600 -.00000277  00000-0  00000-0 0  9993
2 40267   0.0138 233.9622 0001144 358.1832 255.2120  1.00269454 25588
IRNSS-1C                
1 40269U 14061A   21280.89570392 -.00000161  00000-0  00000-0 0  9998
2 40269   2.4666 141.6182 0020294   7.2192 273.4453  1.00273063 25500
INTELSAT 30 (IS-30)     
1 40271U 14062A   21280.58243046 -.00000152  00000-0  00000-0 0  9991
2 40271   0.0172 238.9169 0002292 195.3297  56.8351  1.00271915 25411
ARSAT 1                 
1 40272U 14062B   21280.80239465 -.00000261  00000-0  00000-0 0  9998
2 40272   0.0318 277.9467 0001659 271.8846  43.9140  1.00271376 25430
EXPRESS-AM6             
1 40277U 14064A   21281.22688057  .00000096  00000-0  00000+0 0  9991
2 40277   0.0318 297.6824 0000472 179.1548  34.9594  1.00274530 25496
GSAT-16                 
1 40332U 14078A   21280.89946845  .00000083  00000-0  00000-0 0  9999
2 40332   0.0098 159.3749 0005314 316.1419 280.1255  1.00272481 24922
DIRECTV 14              
1 40333U 14078B   21280.86850602 -.00000126  00000-0  00000-0 0  9991
2 40333   0.0245 128.7075 0000489 313.5828 147.8791  1.00270422 24873
YAMAL 401               
1 40345U 14082A   21279.22822236 -.00000230  00000-0  00000-0 0  9995
2 40345   0.0038 182.1824 0000313  28.3787 336.6596  1.00270116 25213
ASTRA 2G                
1 40364U 14089A   21281.22202194  .00000148  00000-0  00000+0 0  9997
2 40364   0.0549  45.7698 0002068  52.1952  27.2446  1.00272200 24843
FENGYUN 2G              
1 40367U 14090A   21280.98010469 -.00000303  00000-0  00000+0 0  9990
2 40367   1.3021  91.6531 0002427 270.9804 106.7916  1.00270428 24863
MUOS-3                  
1 40374U 15002A   21281.17233344 -.00000129  00000-0  00000+0 0  9999
2 40374   2.5472   2.8441 0059453 180.0504 240.6516  1.00273717 24641
INMARSAT 5-F2           
1 40384U 15005A   21280.47127549 -.00000287  00000-0  00000+0 0  9999
2 40384   0.0205 209.2857 0000181 215.8285  65.8847  1.00269334 24497
ABS-3A                  
1 40424U 15010A   21280.88786844 -.00000028  00000-0  00000-0 0  9998
2 40424   0.0124 210.4851 0002291 254.5825 228.3176  1.00269903 24228
EUTELSAT 115 WEST B     
1 40425U 15010B   21281.25328889 -.00000027  00000-0  00000+0 0  9990
2 40425   0.0147 346.3815 0000109 248.8185 118.2063  1.00271675 24269
EXPRESS-AM7             
1 40505U 15012A   21280.89641581  .00000149  00000-0  00000-0 0  9992
2 40505   0.0147 255.2001 0002658 309.4863 174.8098  1.00268501 23822
IRNSS-1D                
1 40547U 15018A   21280.91054517 -.00000295  00000-0  00000-0 0  9997
2 40547  29.0957 269.3648 0018718 189.9185 356.9508  1.00267209 23815
BEIDOU 17               
1 40549U 15019A   21280.76995003 -.00000144  00000-0  00000-0 0  9990
2 40549  52.3116 315.6904 0038192 189.4771 241.1789  1.00297076 23908
THOR 7                  
1 40613U 15022A   21280.88839174 -.00000009  00000-0  00000-0 0  9995
2 40613   0.0213 138.0074 0002588  50.6371 147.2897  1.00271324 23643
TURKMENALEM52E/MONACOSAT
1 40617U 15023A   21281.18593948  .00000103  00000-0  00000+0 0  9993
2 40617   0.0174 223.9214 0002998 323.7690 308.3029  1.00268644 23655
DIRECTV 15              
1 40663U 15026A   21280.93976324 -.00000104  00000-0  00000+0 0  9994
2 40663   0.0161 128.4265 0000403 337.3279 146.5125  1.00269437 23357
SKY MEXICO-1            
1 40664U 15026B   21280.87277970 -.00000236  00000-0  00000-0 0  9996
2 40664   0.0190 271.5663 0001976 278.4674  62.1484  1.00272389 23274
METEOSAT-11 (MSG-4)     
1 40732U 15034A   21280.88856618 -.00000003  00000-0  00000-0 0  9996
2 40732   0.3474 114.5829 0001304  15.8326 206.5263  1.00263562 22844
STAR ONE C4             
1 40733U 15034B   21281.24749286 -.00000267  00000-0  00000+0 0  9991
2 40733   0.0592   6.6298 0000876 212.7212 176.8653  1.00272337 22841
WGS F7 (USA 263)        
1 40746U 15036A   21281.25819226  .00000016  00000-0  00000+0 0  9991
2 40746   0.0046 185.1567 0000329  21.1234  78.8018  1.00271963 22705
INTELSAT 34 (IS-34)     
1 40874U 15039A   21281.25560764 -.00000287  00000-0  00000+0 0  9997
2 40874   0.0332 282.4288 0001071 115.4427  15.7721  1.00271546 22441
EUTELSAT 8 WEST B       
1 40875U 15039B   21281.17399059 -.00000067  00000-0  00000+0 0  9992
2 40875   0.0671  15.0986 0002558 138.9623 277.6269  1.00272088 22518
GSAT-6                  
1 40880U 15041A   21281.12026422 -.00000162  00000-0  00000+0 0  9993
2 40880   0.0469  96.2815 0004135  94.4998 312.0259  1.00272217 22433
INMARSAT 5-F3           
1 40882U 15042A   21281.24412706  .00000049  00000-0  00000+0 0  9996
2 40882   0.0161 214.2275 0000419 234.0987 196.2742  1.00271720 22377
MUOS-4                  
1 40887U 15044A   21281.11886875 -.00000097  00000-0  00000+0 0  9995
2 40887   2.5998 358.0107 0050453 356.6735 140.1207  1.00271460 22378
TJS-1                   
1 40892U 15046A   21281.25624867 -.00000159  00000-0  00000+0 0  9998
2 40892   0.0087 193.3279 0003206 167.6544 263.3460  1.00268117 22372
EXPRESS-AM8             
1 40895U 15048A   21280.88568797 -.00000113  00000-0  00000-0 0  9991
2 40895   0.0325 312.7580 0001190 326.8157  42.0384  1.00271787 22195
BEIDOU 20               
1 40938U 15053A   21280.74803542 -.00000117  00000-0  00000-0 0  9994
2 40938  51.8955 278.7737 0047817 196.5607 264.9155  1.00257729 22178
SKY MUSTER 1 (NBN1A)    
1 40940U 15054A   21280.91647600 -.00000280  00000-0  00000-0 0  9999
2 40940   0.0121 244.2326 0001569 306.7867 295.9517  1.00271108 22084
ARSAT 2                 
1 40941U 15054B   21281.24041426 -.00000227  00000-0  00000+0 0  9991
2 40941   0.0325 276.7142 0001848 262.2415 203.7092  1.00272156 22148
MORELOS 3               
1 40946U 15056A   21281.25417823 -.00000049  00000-0  00000+0 0  9999
2 40946   4.0853 331.6610 0002404 181.8249 202.0207  1.00272151 22105
APSTAR 9                
1 40982U 15059A   21280.91682486 -.00000267  00000-0  00000-0 0  9996
2 40982   0.0257 124.8887 0002064  33.3473 330.6199  1.00269942 21975
TURKSAT 4B              
1 40984U 15060A   21281.18550338  .00000113  00000-0  00000+0 0  9998
2 40984   0.0137 128.5495 0001995  51.7987 313.4683  1.00271227 21927
CHINASAT 2C (ZX 2C)     
1 41021U 15063A   21281.21992894 -.00000325  00000-0  00000+0 0  9991
2 41021   0.0490  67.2510 0000770 252.1039 240.3497  1.00270723 21835
GSAT-15                 
1 41028U 15065A   21280.97888362 -.00000259  00000-0  00000+0 0  9992
2 41028   0.0514  89.6156 0002454  81.2316 291.8846  1.00270460 21683
BADR-7 (ARABSAT-6B)     
1 41029U 15065B   21280.89362483  .00000143  00000-0  00000-0 0  9997
2 41029   0.0355 239.1347 0006256 348.2458 137.0783  1.00272121 21584
LAOSAT 1                
1 41034U 15067A   21280.91412110 -.00000345  00000-0  00000-0 0  9996
2 41034   0.0490   4.8072 0001742 170.6684 298.8830  1.00268100 21687
TELSTAR 12V             
1 41036U 15068A   21281.17259510 -.00000120  00000-0  00000+0 0  9991
2 41036   0.0161 256.2381 0001943 300.7270 227.2249  1.00270807 21553
CHINASAT 1C (ZX 1C)     
1 41103U 15073A   21280.90470154 -.00000150  00000-0  00000-0 0  9995
2 41103   2.7648  87.8306 0001620  82.2507 253.8328  1.00271507 21471
ELEKTRO-L 2             
1 41105U 15074A   21280.88560076 -.00000115  00000-0  00000-0 0  9999
2 41105   2.3529  91.1000 0002879  99.5775 130.3968  1.00271039 21335
COSMOS 2513             
1 41121U 15075A   21281.11956649 -.00000140  00000-0  00000+0 0  9997
2 41121   0.0480 114.5947 0003282 108.5773 277.1215  1.00271687 21426
EXPRESS-AMU1            
1 41191U 15082A   21281.25812963  .00000154  00000-0  00000+0 0  9991
2 41191   0.0181 193.3134 0002433   7.1596 305.6334  1.00271287 21333
GAOFEN 4                
1 41194U 15083A   21281.23809558 -.00000336  00000-0  00000+0 0  9992
2 41194   0.0553 301.6071 0003804 279.3557 347.5430  1.00268613 21315
BELINTERSAT-1           
1 41238U 16001A   21280.89877071  .00000105  00000-0  00000-0 0  9992
2 41238   0.0620  79.7639 0001502  77.3529 234.7172  1.00273207 21078
IRNSS-1E                
1 41241U 16003A   21280.94193031 -.00000275  00000-0  00000+0 0  9999
2 41241  29.4175  88.5705 0021865 175.8604 203.2444  1.00268849 21020
EUTELSAT 9B             
1 41310U 16005A   21280.89031054  .00000060  00000-0  00000-0 0  9990
2 41310   0.0551  56.6768 0005177 191.6785  97.9315  1.00269471 20935
SES-9                   
1 41380U 16013A   21280.94036076 -.00000347  00000-0  00000-0 0  9990
2 41380   0.0293 273.1183 0001492 217.3544 333.1750  1.00271328 20265
EUTELSAT 65 WEST A      
1 41382U 16014A   21281.24984074 -.00000278  00000-0  00000+0 0  9999
2 41382   0.0294  18.8375 0001856 168.5943 214.4256  1.00269207 20477
IRNSS-1F                
1 41384U 16015A   21281.18210187  .00000160  00000-0  00000+0 0  9991
2 41384   1.9691 177.8145 0017718 183.7739 113.5084  1.00269006 20494
BEIDOU IGSO-6           
1 41434U 16021A   21280.85118740 -.00000143  00000-0  00000+0 0  9991
2 41434  57.7303  55.4675 0043354 210.6222 151.0497  1.00290965 20303
IRNSS-1G                
1 41469U 16027A   21280.88784014 -.00000335  00000-0  00000-0 0  9995
2 41469   1.9326 181.3356 0003210 317.7355 326.8212  1.00271364 19997
JCSAT-2B                
1 41471U 16028A   21281.13448078 -.00000167  00000-0  00000+0 0  9997
2 41471   0.0187 189.8828 0001971 357.3215  32.2204  1.00270036 19915
THAICOM 8               
1 41552U 16031A   21281.11947927 -.00000123  00000-0  00000+0 0  9998
2 41552   0.1049  78.2932 0001149  58.9526   1.2899  1.00272560 19602
INTELSAT 31 (IS-31)     
1 41581U 16035A   21280.58243046 -.00000152  00000-0  00000-0 0  9998
2 41581   0.0127 221.5629 0001524 338.8338 290.6836  1.00269898 19429
BEIDOU-2 G7             
1 41586U 16037A   21280.91045794 -.00000354  00000-0  00000-0 0  9996
2 41586   1.9388  69.2163 0007543  12.6634  13.0992  1.00264937 19616
ABS-2A (MONGOLSAT-1)    
1 41588U 16038A   21281.11869431 -.00000085  00000-0  00000+0 0  9994
2 41588   0.0235 204.5179 0002220 256.3422  33.5611  1.00268652 19522
EUTELSAT 117 WEST B     
1 41589U 16038B   21280.61476147 -.00000013  00000-0  00000-0 0  9999
2 41589   0.0291  46.0202 0000056 242.4370 192.3444  1.00271835 19495
BRISAT                  
1 41591U 16039A   21280.84670149 -.00000198  00000-0  00000-0 0  9990
2 41591   0.0140 241.1408 0002115 308.5667 282.3290  1.00271049 19449
ECHOSTAR 18             
1 41592U 16039B   21281.25229729 -.00000284  00000-0  00000+0 0  9996
2 41592   0.0196 197.8112 0001505 356.6627 212.1108  1.00269901 19445
MUOS-5                  
1 41622U 16041A   21280.62458733 -.00000138  00000-0  00000-0 0  9991
2 41622   6.2008 302.9778 0203372 229.9820 323.3586  1.00271942 19903
TIANTONG-1 1            
1 41725U 16048A   21280.90871358 -.00000322  00000-0  00000-0 0  9990
2 41725   2.4387 347.5376 0002879 266.7355 191.0284  1.00269030 19095
JCSAT-16                
1 41729U 16050A   21280.91717375 -.00000252  00000-0  00000+0 0  9997
2 41729   0.0387  91.1567 0001396  16.4400  23.3296  1.00271046 18887
USA 270                 
1 41744U 16052A   21280.03478778  .00000146  00000-0  00000+0 0  9991
2 41744   0.0303 157.9489 0000462 165.0907 103.5254  1.00427824  1550
USA 271                 
1 41745U 16052B   21280.44939023 -.00000119  00000-0  00000+0 0  9993
2 41745   0.5554  93.6651 0000656  42.8204 124.7103  1.00060066  1557
INTELSAT 36 (IS-36)     
1 41747U 16053A   21281.11747324 -.00000025  00000-0  00000+0 0  9998
2 41747   0.0121 232.1989 0002799 154.2128 101.3325  1.00269822 18782
INTELSAT 33E (IS-33E)   
1 41748U 16053B   21281.23382816  .00000047  00000-0  00000+0 0  9996
2 41748   0.0474  11.7776 0001711 173.4413 336.0648  1.00270400 19041
INSAT-3DR               
1 41752U 16054A   21280.90321883 -.00000078  00000-0  00000-0 0  9998
2 41752   0.1062  93.4296 0011818 169.7915 152.7040  1.00270618 18621
GSAT-18                 
1 41793U 16060A   21281.11851986 -.00000079  00000-0  00000+0 0  9996
2 41793   0.0781  94.0219 0001171 307.2226  92.4010  1.00271526 18356
SKY MUSTER 2 (NBN1B)    
1 41794U 16060B   21280.91734817 -.00000245  00000-0  00000+0 0  9992
2 41794   0.0139 235.6763 0001340 314.0536 302.1172  1.00271242 18398
HIMAWARI-9              
1 41836U 16064A   21280.91656322 -.00000276  00000-0  00000-0 0  9992
2 41836   0.0212 131.4950 0000444  34.1844 321.8426  1.00271171 18014
SHIJIAN-17 (SJ-17)      
1 41838U 16065A   21280.92224654 -.00000363  00000-0  00000-0 0  9992
2 41838   1.3934  91.9510 0000494  81.9180 292.5148  1.00271422 18037
GOES 16                 
1 41866U 16071A   21280.87347744 -.00000250  00000-0  00000-0 0  9995
2 41866   0.1057  77.4722 0000576 147.5239  31.0086  1.00272614 17939
TIANLIAN 1-04           
1 41869U 16072A   21280.84522948  .00000029  00000-0  00000-0 0  9990
2 41869   0.1979 275.2072 0023239 205.7210  16.8386  1.00271245 18134
WGS F8 (USA 272)        
1 41879U 16075A   21280.55949207 -.00000203  00000-0  00000+0 0  9997
2 41879   0.0170 150.9931 0000193 338.3279 238.3497  1.00271534 17743
FENGYUN 4A              
1 41882U 16077A   21281.21800648 -.00000331  00000-0  00000+0 0  9994
2 41882   0.2134 284.9907 0003997 113.8759 161.3772  1.00268246 17808
ECHOSTAR 19             
1 41893U 16079A   21281.23109949 -.00000140  00000-0  00000+0 0  9994
2 41893   0.0191 171.9942 0001743  15.0490 176.1804  1.00270677 17561
JCSAT-15                
1 41903U 16082A   21280.66417253 -.00000352  00000-0  00000-0 0  9992
2 41903   0.0166 199.8320 0001259 352.1735 173.7151  1.00271121 17577
STAR ONE D1             
1 41904U 16082B   21281.20487491 -.00000213  00000-0  00000+0 0  9990
2 41904   0.0398 100.2753 0001928  75.1024 191.4601  1.00272571 17619
TJS-2                   
1 41911U 17001A   21280.93202310 -.00000008  00000-0  00000-0 0  9997
2 41911   0.2757 285.1187 0005434 263.2548 230.4332  1.00270894 17553
SBIRS GEO-4 (USA 273)   
1 41937U 17004A   21281.22816764  .00000124  00000-0  00000+0 0  9992
2 41937   2.8366 314.7398 0002399 235.4612 109.6364  1.00272003 17420
HISPASAT 36W-1          
1 41942U 17006A   21280.88132707 -.00000245  00000-0  00000-0 0  9995
2 41942   0.0185  25.1300 0001042 173.6744  99.2430  1.00271719 17054
TELKOM 3S               
1 41944U 17007A   21280.98376785 -.00000364  00000-0  00000+0 0  9996
2 41944   0.0145 184.6754 0002058   9.5695 294.7737  1.00273149 17035
INTELSAT 32E (IS-32E)   
1 41945U 17007B   21280.95167156 -.00000271  00000-0  00000+0 0  9991
2 41945   0.0193 194.1235 0000454 308.8447 173.2458  1.00268336 17063
ECHOSTAR 23             
1 42070U 17014A   21280.80317962 -.00000271  00000-0  00000-0 0  9996
2 42070   0.0203 192.1483 0002054 357.6131  48.1332  1.00267596 16751
WGS F9 (USA 275)        
1 42075U 17016A   21280.40465971 -.00000098  00000-0  00000+0 0  9999
2 42075   0.0221 197.4064 0000374 294.7274  17.7633  1.00269678 16749
SES-10                  
1 42432U 17017A   21280.87513459 -.00000274  00000-0  00000-0 0  9990
2 42432   0.0194 253.3431 0002656 298.1062  73.4518  1.00270732 16567
CHINASAT 16 (SJ-13)     
1 42662U 17018A   21281.25010946 -.00000354  00000-0  00000+0 0  9990
2 42662   0.0537  58.7287 0006713 168.2548 350.6636  1.00269057 16562
KOREASAT 7              
1 42691U 17023A   21280.88364179 -.00000363  00000-0  00000-0 0  9997
2 42691   0.0218 289.9683 0001867 276.9490 243.8477  1.00270005 16196
SGDC                    
1 42692U 17023B   21281.16066862 -.00000251  00000-0  00000+0 0  9993
2 42692   0.0430  66.6187 0002126 126.8619 166.5450  1.00270830 16274
GSAT-9                  
1 42695U 17024A   21280.89540209 -.00000288  00000-0  00000-0 0  9999
2 42695   0.0784  90.6445 0002421 105.5508 240.2156  1.00271764 16126
INMARSAT 5-F4           
1 42698U 17025A   21280.68438847  .00000074  00000-0  00000-0 0  9996
2 42698   0.0215 214.0379 0000039 285.9430 179.4185  1.00270638 16085
SES-15                  
1 42709U 17026A   21281.24466980  .00000058  00000-0  00000+0 0  9993
2 42709   0.0133 259.4898 0000844 285.7313 150.8347  1.00274309 17003
QZS-2 (MICHIBIKI-2)     
1 42738U 17028A   21280.84260222 -.00000172  00000-0  00000-0 0  9992
2 42738  42.1989 267.7340 0748377 270.4629 280.9741  1.00257282 15963
VIASAT-2                
1 42740U 17029A   21281.31554237 -.00000267  00000-0  00000+0 0  9995
2 42740   0.0258 260.9181 0000180 177.3509 342.6179  1.00271583 16008
EUTELSAT 172B           
1 42741U 17029B   21281.23844404 -.00000007  00000-0  00000+0 0  9997
2 42741   0.0177 197.3947 0000199 237.3021 200.2550  1.00270818 16527
GSAT-19                 
1 42747U 17031A   21281.18515451  .00000124  00000-0  00000+0 0  9996
2 42747   0.0604  90.8404 0004385  29.5256  11.2014  1.00272703 15951
ECHOSTAR 21             
1 42749U 17032A   21280.89048498  .00000058  00000-0  00000-0 0  9995
2 42749   4.5205 311.1460 0002274 221.1408 175.3089  1.00272186 15931
BULGARIASAT-1           
1 42801U 17038A   21281.25257823  .00000010  00000-0  00000+0 0  9992
2 42801   0.0473 100.9205 0002666  93.8438 275.1893  1.00270696 15735
HELLAS-SAT 3            
1 42814U 17040A   21281.18332293  .00000151  00000-0  00000+0 0  9992
2 42814   0.0643  18.9173 0000933  68.6239  34.5346  1.00268153 15683
GSAT-17                 
1 42815U 17040B   21280.40467988 -.00000259  00000-0  00000-0 0  9998
2 42815   0.0756  96.3616 0004517 149.9102   9.1888  1.00270669 15601
INTELSAT 35E (IS-35E)   
1 42818U 17041A   21280.88158873 -.00000239  00000-0  00000-0 0  9992
2 42818   0.0183 159.2177 0001669  26.5685 113.8362  1.00272091 15634
COSMOS 2520             
1 42907U 17046A   21281.18454398  .00000135  00000-0  00000+0 0  9994
2 42907   0.0209 158.0496 0000242 162.9369 167.5548  1.00275977 15215
TDRS 13                 
1 42915U 17047A   21280.88612407 -.00000107  00000-0  00000-0 0  9998
2 42915   4.8495 331.5907 0015175 118.6850 233.9429  1.00271501 15161
QZS-3 (MICHIBIKI-3)     
1 42917U 17048A   21280.98559944 -.00000349  00000-0  00000+0 0  9995
2 42917   0.0644 152.4126 0002536  49.7148 296.6151  1.00271036 15184
AMAZONAS 5              
1 42934U 17053A   21280.94809562 -.00000284  00000-0  00000+0 0  9998
2 42934   0.0407 318.4314 0002371 266.9827  71.7250  1.00271335 14944
ASIASAT 9               
1 42942U 17057A   21280.91281284 -.00000361  00000-0  00000-0 0  9990
2 42942   0.0052 215.9299 0002101 340.7421 270.8348  1.00269694 14769
INTELSAT 37E (IS-37E)   
1 42950U 17059A   21281.17198456 -.00000142  00000-0  00000+0 0  9994
2 42950   0.0191 180.2944 0002919  16.9385 223.7313  1.00270965 14864
BSAT-4A                 
1 42951U 17059B   21280.92432444 -.00000352  00000-0  00000+0 0  9998
2 42951   0.0865  53.3953 0000674  55.0296 350.9794  1.00271008 14779
QZS-4 (MICHIBIKI-4)     
1 42965U 17062A   21280.69560560 -.00000302  00000-0  00000-0 0  9998
2 42965  40.8140   5.3780 0748333 269.8481 131.3371  1.00274209 14632
SES-11 (ECHOSTAR 105)   
1 42967U 17063A   21281.22724253 -.00000091  00000-0  00000+0 0  9996
2 42967   0.0276 266.4704 0002098 296.5866 150.9052  1.00271332 14629
KOREASAT 5A             
1 42984U 17067A   21280.91106847 -.00000360  00000-0  00000-0 0  9997
2 42984   0.0322 106.8649 0001602  81.1616 269.8892  1.00268925 14352
ALCOMSAT 1              
1 43039U 17078A   21280.88350753 -.00000187  00000-0  00000-0 0  9991
2 43039   0.0243 172.6569 0002223  23.7211 113.6498  1.00271521 14108
SBIRS GEO-3 (USA 282)   
1 43162U 18009A   21280.42271337 -.00000298  00000-0  00000-0 0  9996
2 43162   4.0356 317.5917 0002404 232.3226 117.5614  1.00270948 13650
AL YAH 3                
1 43174U 18012A   21280.95620691 -.00000156  00000-0  00000+0 0  9994
2 43174   0.0125 248.0245 0001651 298.2872 154.6561  1.00275901 13653
SES-14                  
1 43175U 18012B   21280.87897219 -.00000279  00000-0  00000-0 0  9995
2 43175   0.0194 247.6746 0001045 300.5272  97.4871  1.00271457 13884
GOES 17                 
1 43226U 18022A   21280.71735694  .00000096  00000-0  00000-0 0  9990
2 43226   0.0492 297.4598 0000206 244.6903 315.4854  1.00272434 13236
HISPASAT 30W-6          
1 43228U 18023A   21280.95428810 -.00000217  00000-0  00000+0 0  9993
2 43228   0.0197  63.1916 0002301 109.8645 157.3151  1.00271051 13311
SUPERBIRD 8             
1 43271U 18033A   21281.22930146 -.00000094  00000-0  00000+0 0  9996
2 43271   0.0096 207.6561 0000904 342.7437  71.2500  1.00270766 12865
HYLAS 4                 
1 43272U 18033B   21280.37938662 -.00000234  00000-0  00000+0 0  9999
2 43272   0.0306 182.2550 0004287   1.2159 295.8727  1.00272704 12894
IRNSS-1I                
1 43286U 18035A   21279.10496477  .00000123  00000-0  00000-0 0  9995
2 43286  29.3153 101.5146 0020271 179.0129 187.5010  1.00278106 12883
USA 283                 
1 43339U 18036A   21279.55152166 -.00000318  00000-0  00000+0 0  9994
2 43339   0.0266 219.4448 0000801  85.3824  43.2773  1.00273248  1542
COSMOS 2526             
1 43432U 18037A   21280.91403389 -.00000346  00000-0  00000-0 0  9999
2 43432   0.0148 155.6665 0000520  69.8713 248.3712  1.00271336 12795
APSTAR 6C               
1 43450U 18041A   21281.20233648 -.00000319  00000-0  00000+0 0  9995
2 43450   0.0264 262.8934 0002704 319.9032   1.1329  1.00271016 12663
BANGABANDHUSAT-1        
1 43463U 18044A   21280.98402950 -.00000364  00000-0  00000+0 0  9990
2 43463   0.0177 258.9768 0002074 298.4514 292.7768  1.00273338 12559
SES-12                  
1 43488U 18049A   21280.82757814 -.00000271  00000-0  00000-0 0  9995
2 43488   0.0451  54.4941 0001963 187.7259 167.4085  1.00270499 12246
FENGYUN 2H              
1 43491U 18050A   21280.90417823 -.00000128  00000-0  00000-0 0  9994
2 43491   0.5124 104.7378 0003977  38.5566 277.9748  1.00275022 12257
BEIDOU IGSO-7           
1 43539U 18057A   21280.87063281 -.00000118  00000-0  00000-0 0  9994
2 43539  55.0618 177.9513 0041009 223.8824  40.8102  1.00287676 11977
TELSTAR 19V             
1 43562U 18059A   21281.25145937 -.00000281  00000-0  00000+0 0  9994
2 43562   0.0094 217.9930 0002879 301.4532 245.1920  1.00269704 11992
TELKOM 4 (MERAH PUTIH)  
1 43587U 18064A   21281.01189108 -.00000346  00000-0  00000+0 0  9991
2 43587   0.0173 181.3375 0001449  29.1726 278.6620  1.00273366 11688
TELSTAR 18V (APSTAR 5C) 
1 43611U 18069A   21280.91595269 -.00000296  00000-0  00000-0 0  9996
2 43611   0.0196 205.0085 0001995 337.0946 302.4032  1.00267821 11451
AZERSPACE 2 (IS-38)     
1 43632U 18074A   21281.18454399  .00000135  00000-0  00000+0 0  9993
2 43632   0.0179 191.3178 0001001   8.4933 288.7653  1.00273671 11284
HORIZONS 3E             
1 43633U 18074B   21280.85036465 -.00000032  00000-0  00000-0 0  9995
2 43633   0.0190  26.1185 0001008 257.8121 207.9499  1.00271912 11161
AEHF-4 (USA 288)        
1 43651U 18079A   21280.87504737 -.00000280  00000-0  00000-0 0  9999
2 43651   2.9317 313.4390 0002844 244.5894  66.1979  1.00273225 11114
BEIDOU-3 G1             
1 43683U 18085A   21281.20329588 -.00000281  00000-0  00000+0 0  9998
2 43683   0.9102 211.7552 0004721  30.2777 348.1701  1.00266545 10870
GSAT-29                 
1 43698U 18089A   21281.18655000  .00000083  00000-0  00000+0 0  9995
2 43698   0.0701  90.3659 0002088 116.9389 291.9850  1.00272060 10640
ES'HAIL 2               
1 43700U 18090A   21281.18070639  .00000143  00000-0  00000+0 0  9997
2 43700   0.0135 237.3263 0002039 340.0671 250.5141  1.00268867 10744
GEO-KOMPSAT-2A          
1 43823U 18100A   21280.58729662 -.00000346  00000-0  00000+0 0  9991
2 43823   0.0425 330.3163 0001731 270.2794 115.5263  1.00267349 10472
GSAT-11                 
1 43824U 18100B   21280.90321883 -.00000079  00000-0  00000-0 0  9995
2 43824   0.0215 235.3665 0005991 251.3039 289.2844  1.00272053 10321
GSAT-7A                 
1 43864U 18105A   21280.90095116  .00000025  00000-0  00000-0 0  9991
2 43864   0.0723 120.7786 0002262  84.2124 198.9003  1.00272111 10289
COSMOS 2533             
1 43867U 18107A   21280.90512147 -.00000041  00000-0  00000-0 0  9993
2 43867   0.0132 159.2018 0000342 119.1810 134.2480  1.00273205 10230
TJS-3                   
1 43874U 18110A   21280.95913519  .00000086  00000-0  00000-0 0  9996
2 43874   0.0370 306.0929 0002950 232.6824 242.4948  1.00053456 10233
TJS-3 AKM               
1 43917U 18110C   21280.95913521  .00000053  00000-0  00000-0 0  9991
2 43917   0.0252 232.4537 0006515 320.7692 228.1369  1.00274078 10187
CHINASAT 2D (ZX 2D)     
1 43920U 19001A   21280.91438275 -.00000339  00000-0  00000-0 0  9997
2 43920   0.0381 303.7977 0001463  40.0314 132.1096  1.00268296 10179
HELLAS-SAT 4 & SGS-1    
1 44034U 19007A   21281.18332293  .00000151  00000-0  00000+0 0  9993
2 44034   0.0665 126.9956 0006027  36.0629 319.0089  1.00271557 10170
GSAT-31                 
1 44035U 19007B   21281.18506729  .00000124  00000-0  00000+0 0  9991
2 44035   0.0225 128.2741 0003853  98.8634 264.3948  1.00270279  9798
NUSANTARA SATU          
1 44048U 19009A   21281.24146792 -.00000236  00000-0  00000+0 0  9999
2 44048   0.0160 193.5002 0001898 355.3702  61.1443  1.00269180  9599
CHINASAT 6C (ZX 6C)     
1 44067U 19012A   21280.91438275 -.00000339  00000-0  00000-0 0  9992
2 44067   0.0714 269.0649 0003412  11.2084 195.7115  1.00270039  9557
WGS 10 (USA 291)        
1 44071U 19014A   21281.23382816  .00000045  00000-0  00000+0 0  9996
2 44071   0.0176 188.5102 0000343 275.1617  57.9191  1.00270801  9433
TIANLIAN 2-01           
1 44076U 19017A   21280.90435266 -.00000139  00000-0  00000-0 0  9991
2 44076   0.8588 282.3772 0033470 229.0182 270.9750  1.00270699  9434
ARABSAT-6A              
1 44186U 19021A   21280.82280369  .00000152  00000-0  00000-0 0  9995
2 44186   0.0556 335.0524 0005948 256.1622 112.1935  1.00274050  8989
BEIDOU-3 IGSO-1         
1 44204U 19023A   21280.76890288 -.00000206  00000-0  00000-0 0  9999
2 44204  56.1886  55.6992 0022796 185.5636 170.6043  1.00287643  9175
BEIDOU-2 G8             
1 44231U 19027A   21281.31974412 -.00000249  00000-0  00000+0 0  9993
2 44231   0.3215  40.6057 0007305 164.3130  71.8460  1.00267893  8899
YAMAL 601               
1 44307U 19031A   21280.89824740  .00000118  00000-0  00000-0 0  9997
2 44307   0.0157 197.0398 0001955   0.0840 192.0273  1.00273013  8753
AT&T T-16               
1 44333U 19034A   21280.62865084 -.00000116  00000-0  00000-0 0  9995
2 44333   0.0018 195.7932 0000472 218.2629  87.9097  1.00272580  8459
EUTELSAT 7C             
1 44334U 19034B   21281.25257823  .00000047  00000-0  00000+0 0  9993
2 44334   0.0361 249.8497 0002957 287.3346 297.8675  1.00272638  8954
BEIDOU-3 IGSO-2         
1 44337U 19035A   21280.72775832 -.00000117  00000-0  00000-0 0  9993
2 44337  55.0965 173.9851 0020185 181.5608  42.5768  1.00278365  8510
COSMOS 2539             
1 44457U 19048A   21280.89083385  .00000080  00000-0  00000-0 0  9991
2 44457   0.0173 146.8557 0000153 228.6073 334.0208  1.00274436  8049
EDRS-C                  
1 44475U 19049A   21280.86689482  .00000153  00000-0  00000+0 0  9999
2 44475   0.0911 271.0189 0000778 274.6409 174.3706  1.00268481  8016
INTELSAT 39 (IS-39)     
1 44476U 19049B   21281.18794550  .00000032  00000-0  00000+0 0  9995
2 44476   0.0133 243.3562 0000937 164.2191  99.0904  1.00270219  7978
AMOS-17                 
1 44479U 19050A   21281.23313326  .00000108  00000-0  00000+0 0  9998
2 44479   0.0273 271.9051 0002059 281.6073 284.5171  1.00269798  8008
AEHF-5 (USA 292)        
1 44481U 19051A   21281.18646279  .00000077  00000-0  00000+0 0  9997
2 44481   4.9487 305.4278 0004157 235.1522 318.1290  1.00268305  8086
EUTELSAT 5 WEST B       
1 44624U 19067A   21281.17460111 -.00000044  00000-0  00000+0 0  9996
2 44624   0.0707  28.4983 0005672 114.4753 291.9288  1.00271490  7263
MEV-1                   
1 44625U 19067B   21280.32757646 -.00000203  00000-0  00000-0 0  9993
2 44625   0.0297  94.2773 0000907 105.3321 267.0441  1.00270508  5792
TJS-4                   
1 44637U 19070A   21281.12043866 -.00000171  00000-0  00000+0 0  9994
2 44637   0.0954 102.7664 0002291 193.1092 208.0099  1.00269185  7376
BEIDOU-3 IGSO-3         
1 44709U 19073A   21280.44077216 -.00000158  00000-0  00000+0 0  9992
2 44709  57.6665 299.0056 0020360 185.7383 170.0043  1.00283399  7263
TIBA-1                  
1 44800U 19080A   21281.25812963  .00000154  00000-0  00000+0 0  9993
2 44800   0.0618 353.4819 0002018 196.4731 315.6146  1.00268572  6900
INMARSAT GX5            
1 44801U 19080B   21280.89065941  .00000073  00000-0  00000-0 0  9990
2 44801   0.0528 343.3861 0002240 211.6640 153.3558  1.00271462  6920
JCSAT-18 (KACIFIC 1)    
1 44868U 19091A   21280.91839479 -.00000202  00000-0  00000-0 0  9998
2 44868   0.0255 283.4701 0000767 295.9638 277.9717  1.00271438  6845
ELEKTRO-L 3             
1 44903U 19095A   21280.97539490 -.00000098  00000-0  00000+0 0  9990
2 44903   0.0659  19.4336 0001454 211.0141 213.5478  1.00271974  6537
SHIJIAN-20 (SJ-20)      
1 44910U 19097A   21280.95296883 -.00000208  00000-0  00000-0 0  9998
2 44910   0.5340  93.4348 0003694  56.4250 297.5680  1.00269884  6514
TJS-5                   
1 44978U 20002A   21280.92491972 -.00000344  00000-0  00000-0 0  9994
2 44978   0.2723 284.2294 0004742 223.7197 309.3123  1.00268238  6521
GSAT-30                 
1 45026U 20005A   21281.12035146 -.00000167  00000-0  00000+0 0  9994
2 45026   0.0507 101.1322 0003435  10.0794  32.1057  1.00272329  6355
EUTELSAT KONNECT        
1 45027U 20005B   21281.25257823  .00000048  00000-0  00000+0 0  9994
2 45027   0.0507 108.5351 0000441 210.0611 156.6743  1.00270742  7153
JCSAT-17                
1 45245U 20013A   21280.53326092 -.00000323  00000-0  00000-0 0  9998
2 45245   6.4055 344.4716 0003539 201.8271 158.0636  1.00273153  6054
GEO-KOMPSAT-2B          
1 45246U 20013B   21280.72105337 -.00000346  00000-0  00000-0 0  9992
2 45246   0.0164  71.2366 0000939  73.2191 259.9266  1.00265632  6070
BEIDOU-3 G2             
1 45344U 20017A   21280.90443990 -.00000145  00000-0  00000-0 0  9992
2 45344   2.2966 340.7771 0003066 173.9176 267.7197  1.00271593  6086
AEHF-6 (USA 298)        
1 45465U 20022B   21280.98760545 -.00000308  00000-0  00000+0 0  9998
2 45465   6.5321 304.9854 0048030 349.8237 215.3317  1.00274072  5805
BEIDOU-3 G3             
1 45807U 20040A   21280.98412653 -.00000358  00000-0  00000-0 0  9998
2 45807   2.0286 299.1420 0010675 337.5722 204.9473  1.00268205  4905
APSTAR 6D               
1 45863U 20045A   21280.98699492 -.00000319  00000-0  00000+0 0  9999
2 45863   0.0490  96.4178 0002173  69.9504 339.8178  1.00273259  4677
KOREASAT 116            
1 45920U 20048A   21280.88364179 -.00000364  00000-0  00000-0 0  9997
2 45920   0.0266 271.8426 0001254 285.7303 253.4800  1.00267610  4454
EXPRESS 103             
1 45985U 20053A   21280.68604369 -.00000282  00000-0  00000-0 0  9999
2 45985   0.0313 323.9091 0000485 302.3339  93.7826  1.00272022  4462
EXPRESS 80              
1 45986U 20053B   21281.11956648 -.00000138  00000-0  00000+0 0  9998
2 45986   0.0381 328.1588 0001473 311.5727 220.3070  1.00271914  4465
BSAT-4B                 
1 46112U 20056A   21280.92432477 -.00000352  00000-0  00000-0 0  9999
2 46112   0.0783 112.7062 0003361  52.6905 294.0044  1.00271549  4201
MEV-2                   
1 46113U 20056B   21280.31406024 -.00000012  00000-0  00000-0 0  9995
2 46113   0.0285 100.3906 0000863  95.3531 292.5212  1.00270918 63363
GALAXY 30 (G-30)        
1 46114U 20056C   21281.24780220  .00000035  00000-0  00000+0 0  9995
2 46114   0.0139 231.1620 0002823 325.0124 145.1584  1.00271728  4222
GAOFEN 13               
1 46610U 20071A   21280.92224660 -.00000365  00000-0  00000-0 0  9996
2 46610   1.1297 276.3925 0003358 269.1392 281.1313  1.00270787  3738
TIANTONG-1 2            
1 46916U 20082A   21280.91342337 -.00000363  00000-0  00000-0 0  9996
2 46916   4.7363 297.4239 0002749 241.7483 291.3675  1.00270283  3478
LUCAS (JDRS-1)          
1 47202U 20089A   21281.02373840 -.00000237  00000-0  00000+0 0  9997
2 47202   0.0447 111.3480 0001722  56.9157 307.9439  1.00273989  3226
SXM-7                   
1 47240U 20096A   21281.25328833 -.00000024  00000-0  00000+0 0  9998
2 47240   0.0187 198.2557 0001149 172.4424 342.2778  1.00269772  3157
CMS-01                  
1 47256U 20099A   21280.95432260 -.00000167  00000-0  00000-0 0  9993
2 47256   0.0754  97.0375 0006355 151.7111 194.6985  1.00271585  3014
TURKSAT 5A              
1 47306U 21001A   21280.82289091  .00000153  00000-0  00000-0 0  9995
2 47306   0.0182 166.2415 0000101 240.5787 297.0548  1.00271147  2799
TIANTONG-1 3            
1 47321U 21003A   21280.68935991 -.00000163  00000-0  00000-0 0  9997
2 47321   4.9875 308.8187 0003599 264.7363 132.7156  1.00272207  2798
TJS-6                   
1 47613U 21010A   21280.78050289  .00000040  00000-0  00000-0 0  9991
2 47613   0.4413 281.6233 0001837 336.5213 217.9521  1.00269634  2653
SBIRS GEO-5 (USA 315)   
1 48618U 21042A   21281.22437413 -.00000291  00000-0  00000+0 0  9998
2 48618   7.7743 327.1974 0002495 214.6860 224.3517  1.00547255  1551
FENGYUN 4B              
1 48808U 21047A   21280.95977324 -.00000360  00000-0  00000-0 0  9991
2 48808   0.2282 283.9126 0001162 108.7325  93.1322  1.00259355  1394
SXM-8                   
1 48838U 21049A   21280.92195650 -.00000206  00000-0  00000-0 0  9996
2 48838   0.1133 103.3503 0001799 263.6257 256.5011  1.00270028  1442
TIANLIAN 1-05           
1 49011U 21063A   21280.89057220  .00000066  00000-0  00000-0 0  9995
2 49011   2.8011 285.9529 0002986 331.5311  90.4541  1.00269516   903
STAR ONE D2             
1 49055U 21069A   21280.14990361 -.00000266  00000-0  00000+0 0  9991
2 49055   0.0155 189.7006 0002791  27.3816 142.9295  1.00271835   721
EUTELSAT QUANTUM        
1 49056U 21069B   21280.89798574  .00000124  00000-0  00000-0 0  9999
2 49056   0.0185 153.8087 0002133  93.2927 140.6481  1.00270991   747
CHINASAT 2E (ZX 2E)     
1 49062U 21071A   21280.90801583 -.00000293  00000-0  00000-0 0  9994
2 49062   0.1882 265.7698 0001337  27.6067 148.3732  1.