STARLETTE               
1 07646U 75010A   21280.80113575 -.00000147  00000-0 -34018-5 0  9994
2 07646  49.8254  27.4070 0205795 162.9859 197.8068 13.82309810357521
LAGEOS 1                
1 08820U 76039A   21280.87510561  .00000026  00000-0  00000-0 0  9997
2 08820 109.8538 312.4797 0045242 308.6760 199.2812  6.38664874803728
AJISAI (EGS)            
1 16908U 86061A   21280.87192632 -.00000091  00000-0  43320-4 0  9993
2 16908  50.0120  15.6922 0011474 139.2346  18.2067 12.44494388267392
COSMOS 1989 (ETALON 1)  
1 19751U 89001C   21280.63365587  .00000077  00000-0  00000-0 0  9991
2 19751  64.2478 131.0818 0023372 212.0708 278.8031  2.13156291254847
COSMOS 2024 (ETALON 2)  
1 20026U 89039C   21280.70248444 -.00000057  00000-0  00000-0 0  9998
2 20026  65.5502   8.9512 0018426 219.2225 192.1308  2.13204182251975
LAGEOS 2                
1 22195U 92070B   21280.90891377 -.00000009  00000-0  00000-0 0  9994
2 22195  52.6478 269.4211 0137277 158.1628 282.5262  6.47294050684503
STELLA                  
1 22824U 93061B   21280.97273853 -.00000042  00000-0  18584-5 0  9992
2 22824  98.9785 290.3124 0006737 157.5795 230.4578 14.27385788460360
LARES                   
1 38077U 12006A   21281.25038350 -.00000044  00000-0 -33359-4 0  9991
2 38077  69.4963 338.0918 0011110 227.0096 133.0023 12.54930823442263
