COSMOS 2425 (716)       
1 29670U 06062A   21281.10822812  .00000038  00000-0  00000+0 0  9996
2 29670  64.8182 251.6422 0024302 340.9164 200.5335  2.13115171115079
COSMOS 2433 (720)       
1 32275U 07052A   21280.86289035 -.00000057  00000-0  00000-0 0  9990
2 32275  66.0751  13.0550 0003723 212.4498 309.1618  2.13104331108583
COSMOS 2432 (719)       
1 32276U 07052B   21280.59427082 -.00000056  00000-0  00000-0 0  9996
2 32276  66.0882  13.1605 0007908 323.5202 301.0031  2.13103532108578
COSMOS 2434 (721)       
1 32393U 07065A   21280.66946958  .00000035  00000-0  00000-0 0  9992
2 32393  64.4366 250.0644 0000471 150.0432 111.8948  2.13103098107286
COSMOS 2436 (723)       
1 32395U 07065C   21280.93628948  .00000036  00000-0  00000-0 0  9991
2 32395  64.4455 250.1096 0014716 350.3080 252.3695  2.13102935107223
COSMOS 2456 (730)       
1 36111U 09070A   21280.34025809  .00000080  00000-0  00000+0 0  9999
2 36111  64.2938 129.7441 0002448 341.0264 197.4372  2.13099365 91946
COSMOS 2457 (733)       
1 36112U 09070B   21281.13059208  .00000072  00000-0  00000+0 0  9999
2 36112  64.2757 129.5989 0006111 150.7710  39.2844  2.13101584 91969
COSMOS 2459 (731)       
1 36400U 10007A   21280.35384050 -.00000056  00000-0  00000-0 0  9994
2 36400  65.9703  11.9813 0024723 348.9667   1.4152  2.13108915 90281
COSMOS 2461 (735)       
1 36401U 10007B   21281.19723785 -.00000058  00000-0  00000+0 0  9991
2 36401  65.9650  11.9174 0017999   9.0950 266.7703  2.13103671 90316
COSMOS 2460 (732)       
1 36402U 10007C   21280.79259872 -.00000057  00000-0  00000-0 0  9998
2 36402  65.9522  11.8855 0001913 165.4955 105.8940  2.13106576 90303
COSMOS 2464 (736)       
1 37139U 10041C   21280.86816112  .00000035  00000-0  00000+0 0  9992
2 37139  64.0361 249.2584 0027274   5.3896 269.0590  2.13100740 86364
COSMOS 2471 (701K)      
1 37372U 11009A   21281.13300209 -.00000057  00000-0  00000+0 0  9997
2 37372  65.9457  11.8032 0016729 226.4165  77.2077  2.13062378 82581
COSMOS 2476 (744)       
1 37867U 11064A   21280.67427825  .00000077  00000-0  00000-0 0  9991
2 37867  64.5885 130.9897 0019578 232.7867 105.2111  2.13101907 77291
COSMOS 2477 (745)       
1 37868U 11064B   21281.17731028  .00000072  00000-0  00000+0 0  9995
2 37868  64.5951 131.0351 0017068 233.3634 308.8187  2.13101775 77268
COSMOS 2475 (743)       
1 37869U 11064C   21280.25985553  .00000081  00000-0  00000+0 0  9998
2 37869  64.6017 131.0721 0020644 254.9660 261.1989  2.13102139 77251
COSMOS 2485 (747)       
1 39155U 13019A   21281.32401911  .00000071  00000-0  00000+0 0  9999
2 39155  64.7520 131.3409 0020304 228.2158 292.7163  2.13102061 65789
COSMOS 2492 (754)       
1 39620U 14012A   21280.57139721 -.00000057  00000-0  00000-0 0  9999
2 39620  65.8398  11.6088 0011089 319.3352  18.8894  2.13103252 58718
COSMOS 2500 (755)       
1 40001U 14032A   21281.06274745 -.00000058  00000-0  00000+0 0  9997
2 40001  65.7802  11.4732 0008153 195.5486  18.9700  2.13102479 56946
COSMOS 2501 (702K)      
1 40315U 14075A   21280.86846236  .00000035  00000-0  00000-0 0  9994
2 40315  63.7463 250.0240 0018641 213.8012  18.5059  2.13101404 53343
COSMOS 2514 (751)       
1 41330U 16008A   21280.60675054 -.00000057  00000-0  00000-0 0  9995
2 41330  65.5810  11.2434 0011532 206.2971 201.7482  2.13102900 44103
COSMOS 2516 (753)       
1 41554U 16032A   21280.52835581  .00000034  00000-0  00000-0 0  9998
2 41554  63.9722 250.2408 0015358 222.6543  22.9768  2.13107244 41707
COSMOS 2522 (752)       
1 42939U 17055A   21280.73858288  .00000035  00000-0  00000-0 0  9995
2 42939  64.2048 250.5533 0009938 247.9331  19.8639  2.13102014 31468
COSMOS 2527 (756)       
1 43508U 18053A   21280.78667051  .00000077  00000-0  00000-0 0  9994
2 43508  64.9167 131.3071 0006812 219.3902 117.4238  2.13102594 25756
COSMOS 2529 (757)       
1 43687U 18086A   21280.60368920  .00000035  00000-0  00000-0 0  9996
2 43687  64.4198 250.8069 0012102 266.8444 213.0296  2.13102141 22778
COSMOS 2534 (758)       
1 44299U 19030A   21281.22289807  .0000003