INTELSAT 26 (IS-26)     
1 24732U 97007A   21281.09837632 -.00000016  00000-0  00000+0 0  9990
2 24732   9.7104  40.1760 0002639 144.4411 293.9018  1.00273103 90107
GALAXY 25 (G-25)        
1 24812U 97026A   21281.18620113  .00000076  00000-0  00000+0 0  9999
2 24812   3.0660  86.0988 0004101 135.1994 275.9351  1.00406099 89199
INTELSAT 5 (IS-5)       
1 24916U 97046A   21280.59764683  .00000091  00000-0  00000-0 0  9999
2 24916   6.6914  62.7126 0003286 151.1348 240.7826  1.00273899 88448
GALAXY 11 (G-11)        
1 26038U 99071A   21281.23353705 -.00000163  00000-0  00000+0 0  9997
2 26038   2.3858  90.7509 0001303 332.4089 304.9263  1.00271065 79907
INTELSAT 9 (IS-9)       
1 26451U 00043A   21280.80675557 -.00000285  00000-0  00000+0 0  9996
2 26451   6.6781  62.8890 0002805 138.3169  55.9290  1.00272368 77662
INTELSAT 12 (IS-12)     
1 26590U 00068A   21281.11660108  .00000013  00000-0  00000+0 0  9996
2 26590   4.0596  81.9402 0002259  98.3250 302.9556  1.00271780 76624
INTELSAT 1R (IS-1R)     
1 26608U 00072A   21280.91979029 -.00000137  00000-0  00000-0 0  9992
2 26608   3.8249  82.9290 0000854 229.1947 192.8986  1.00272569 24147
INTELSAT 10 (IS-10)     
1 26766U 01019A   21281.24282812  .00000036  00000-0  00000+0 0  9999
2 26766   4.9821  75.4147 0003177 140.9107  66.0023  1.00271929 74752
INTELSAT 901 (IS-901)   
1 26824U 01024A   21280.42826896 -.00000203  00000-0  00000-0 0  9993
2 26824   0.0310  91.5188 0000902 108.5350 302.9477  1.00270458  5793
INTELSAT 902 (IS-902)   
1 26900U 01039A   21281.16561764 -.00000283  00000-0  00000+0 0  9993
2 26900   1.7727  91.6881 0003046 101.7074 193.1769  1.00272029 73592
INTELSAT 904 (IS-904)   
1 27380U 02007A   21280.88254812 -.00000213  00000-0  00000-0 0  9997
2 27380   2.6060  88.5313 0002797 106.2983 110.1495  1.00271493 34586
DIRECTV 5 (TEMPO 1)     
1 27426U 02023A   21280.86650000 -.00000057  00000-0  00000-0 0  9999
2 27426   0.4904  95.8806 0003408 109.5302  13.1585  1.00271844 70941
INTELSAT 905 (IS-905)   
1 27438U 02027A   21281.17271682 -.00000185  00000-0  00000+0 0  9997
2 27438   2.4284  89.3089 0002457 107.3353 218.0778  1.00270026 70797
GALAXY 3C (G-3C)        
1 27445U 02030A   21280.58243046 -.00000152  00000-0  00000-0 0  9991
2 27445   0.0285 280.5594 0001563  56.4701 154.0496  1.00270657 29323
INTELSAT 906 (IS-906)   
1 27513U 02041A   21280.90130003  .00000014  00000-0  00000-0 0  9999
2 27513   1.4384  93.3613 0003419 111.9214 200.1115  1.00272699 69844
GALAXY 12 (G-12)        
1 27715U 03013B   21281.31201001  .00000058  00000-0  00000+0 0  9993
2 27715   2.6420  88.0745 0001766 111.0150 161.4129  1.00271616 67831
GALAXY 23 (G-23)        
1 27854U 03034A   21280.61242850  .00000012  00000-0  00000-0 0  9990
2 27854   0.0285 244.6081 0002981 313.7933 277.5752  1.00272752 66561
GALAXY 13 (HORIZONS 1)  
1 27954U 03044A   21281.21368455  .00000046  00000-0  00000+0 0  9995
2 27954   0.0109 155.2456 0001212  31.3655 140.3950  1.00271139 65979
INTELSAT 10-02          
1 28358U 04022A   21280.81652399 -.00000012  00000-0  00000-0 0  9994
2 28358   0.0306  97.3140 0000863  96.8238 115.5082  1.00270949 63366
XM-3 (RHYTHM)           
1 28626U 05008A   21281.20407861 -.00000206  00000-0  00000+0 0  9997
2 28626   0.0200 210.6985 0001334 244.3223 270.3805  1.00268083 60896
DIRECTV 8               
1 28659U 05019A   21280.61366760  .00000000  00000-0  00000-0 0  9993
2 28659   0.0198 182.7545 0002938  15.5346 280.0804  1.00270127 59891
GALAXY 28 (G-28)        
1 28702U 05022A   21280.87068647 -.00000186  00000-0  00000-0 0  9993
2 28702   0.0201 214.6541 0000929 296.1293  90.3877  1.00270573 34803
GALAXY 14 (G-14)        
1 28790U 05030A   21280.82323978  .00000155  00000-0  00000+0 0  9999
2 28790   0.6252  94.3935 0002548 106.2463 145.3360  1.00269871 59120
GALAXY 15 (G-15)        
1 28884U 05041A   21280.71840356  .00000078  00000-0  00000-0 0  9992
2 28884   0.0378  93.4334 0001820 107.1582 301.6275  1.00271132 58432
SPACEWAY 2              
1 28903U 05046B   21281.30563192  .00000103  00000-0  00000+0 0  9993
2 28903   1.3139  90.1688 0000178   3.1858 254.9378  1.00271783 58318
GALAXY 16 (G-16)        
1 29236U 06023A   21281.23032580 -.00000129  00000-0  00000+0 0  9992
2 29236   0.0187 181.6106 0002688  17.4086 161.9940  1.00272533 56096
DIRECTV 9S              
1 29494U 06043A   21281.22877758 -.00000115  00000-0  00000+0 0  9998
2 29494   0.0138 200.8859 0002914 350.7230 166.6547  1.00271990 54935
XM-4 (BLUES)            
1 29520U 06049A   21281.18657144 -.00000025  00000-0  00000+0 0  9994
2 29520   0.0407 286.0474 0000082 249.2368 153.7246  1.00271963 54822
GALAXY 17 (G-17)        
1 31307U 07016B   21280.87033759 -.00000175  00000-0  00000-0 0  9997
2 31307   0.0177 190.7034 0003200  12.7087  35.6304  1.00270901 52621
DIRECTV 10              
1 31862U 07032A   21280.86798271 -.00000104  00000-0  00000-0 0  9999
2 31862   0.0098  93.3706 0000109 103.4763  29.5763  1.00271209 28421
SPACEWAY 3              
1 32018U 07036A   21280.86955264 -.00000153  00000-0  00000-0 0  9998
2 32018   0.0023 133.4971 0000230 342.0016 119.3318  1.00271771 29373
INTELSAT 11 (IS-11)     
1 32253U 07044B   21281.23419080 -.00000270  00000-0  00000+0 0  9990
2 32253   0.0129 241.3564 0001611 314.2276 222.8570  1.00271658 51358
HORIZONS 2              
1 32388U 07063B   21280.95774139 -.00000184  00000-0  00000-0 0  9992
2 32388   0.0231 279.2104 0002259 286.5856 240.6779  1.00272020 50638
DIRECTV 11              
1 32729U 08013A   21281.29756247 -.00000128  00000-0  00000+0 0  9992
2 32729   0.0223  25.3829 0000160 104.3752 255.3578  1.00271120 49765
GALAXY 18 (G-18)        
1 32951U 08024A   21281.21610911  .00000024  00000-0  00000+0 0  9994
2 32951   0.0182 171.3070 0002909  21.1263 139.4467  1.00271104 48908
INTELSAT 25 (IS-25)     
1 33153U 08034A   21280.88219926 -.00000225  00000-0  00000-0 0  9998
2 33153   0.0101 198.0826 0002717 345.4602 119.3148  1.00272643 48514
GALAXY 19 (G-19)        
1 33376U 08045A   21280.86911654 -.00000140  00000-0  00000-0 0  9998
2 33376   0.0130 247.6513 0002946 305.0038  39.9732  1.00271834 47725
FM-5                    
1 35493U 09034A   21280.91991610 -.00000202  00000-0  00000-0 0  9994
2 35493   0.0320 307.2148 0000935  88.2032 226.4059  1.00272158 29472
INTELSAT 14 (IS-14)     
1 36097U 09064A   21281.17827111 -.00000275  00000-0  00000+0 0  9990
2 36097   0.0180 175.5873 0002458  23.4230 197.2266  1.00272135 43512
INTELSAT 15 (IS-15)     
1 36106U 09067A   21280.89570392 -.00000187  00000-0  00000-0 0  9991
2 36106   0.0184 277.6062 0002153 275.8972 230.8733  1.00270713 24049
DIRECTV 12              
1 36131U 09075A   21281.22801516 -.00000105  00000-0  00000+0 0  9990
2 36131   0.0107 204.1794 0000101 244.3392 267.9095  1.00269038 43217
INTELSAT 16 (IS-16)     
1 36397U 10006A   21280.87330302 -.00000246  00000-0  00000-0 0  9997
2 36397   0.0137 263.7382 0002012 285.8121  65.3951  1.00271955 42470
XM-5                    
1 37185U 10053A   21280.58443648 -.00000206  00000-0  00000-0 0  9997
2 37185   0.0142 214.5849 0000392  21.6512 265.5216  1.00269986 40302
INTELSAT 17 (IS-17)     
1 37238U 10065B   21280.88560538 -.00000003  00000-0  00000+0 0  9994
2 37238   0.0347 141.5655 0002740  60.2278 199.7865  1.00271754 39749
INTELSAT NEW DAWN       
1 37392U 11016A   21280.82323978  .00000154  00000-0  00000-0 0  9998
2 37392   0.0180 223.9819 0001487 314.6483 167.2369  1.00273010 36106
INTELSAT 18 (IS-18)     
1 37834U 11056A   21280.85263231  .00000051  00000-0  00000-0 0  9997
2 37834   0.0370 348.7596 0001805 201.2922 313.6325  1.00270426 36634
INTELSAT 22 (IS-22)     
1 38098U 12011A   21281.11817098 -.00000061  00000-0  00000+0 0  9999
2 38098   0.0189 148.7074 0003093  55.9828 286.9439  1.00272804 34878
INTELSAT 19 (IS-19)     
1 38356U 12030A   21280.84975411 -.00000057  00000-0  00000+0 0  9995
2 38356   0.0142 239.5245 0003076 320.1415 288.9788  1.00271616 34333
INTELSAT 20 (IS-20)     
1 38740U 12043A   21281.11747324 -.00000026  00000-0  00000+0 0  9993
2 38740   0.0128 173.4187 0002172   9.4102 304.9476  1.00270886 33656
INTELSAT 21 (IS-21)     
1 38749U 12045A   21281.25393255 -.00000286  00000-0  00000+0 0  9997
2 38749   0.0183 185.7871 0002483   5.4237 219.3070  1.00270732 33460
INTELSAT 23 (IS-23)     
1 38867U 12057A   21280.87792557 -.00000286  00000-0  00000-0 0  9997
2 38867   0.0166 231.4509 0001686 319.4411  88.9236  1.00270916 32765
FM-6                    
1 39360U 13058A   21280.61598927 -.00000018  00000-0  00000-0 0  9998
2 39360   0.0372 267.3932 0000197 186.4661  28.2184  1.00272545 28883
INTELSAT 30 (IS-30)     
1 40271U 14062A   21280.58243046 -.00000152  00000-0  00000-0 0  9991
2 40271   0.0172 238.9169 0002292 195.3297  56.8351  1.00271915 25411
DIRECTV 14              
1 40333U 14078B   21280.86850602 -.00000126  00000-0  00000-0 0  9991
2 40333   0.0245 128.7075 0000489 313.5828 147.8791  1.00270422 24873
DIRECTV 15              
1 40663U 15026A   21280.93976324 -.00000104  00000-0  00000+0 0  9994
2 40663   0.0161 128.4265 0000403 337.3279 146.5125  1.00269437 23357
SKY MEXICO-1            
1 40664U 15026B   21280.87277970 -.00000236  00000-0  00000-0 0  9996
2 40664   0.0190 271.5663 0001976 278.4674  62.1484  1.00272389 23274
INTELSAT 34 (IS-34)     
1 40874U 15039A   21281.25560764 -.00000287  00000-0  00000+0 0  9997
2 40874   0.0332 282.4288 0001071 115.4427  15.7721  1.00271546 22441
INTELSAT 31 (IS-31)     
1 41581U 16035A   21280.58243046 -.00000152  00000-0  00000-0 0  9998
2 41581   0.0127 221.5629 0001524 338.8338 290.6836  1.00269898 19429
INTELSAT 36 (IS-36)     
1 41747U 16053A   21281.11747324 -.00000025  00000-0  00000+0 0  9998
2 41747   0.0121 232.1989 0002799 154.2128 101.3325  1.00269822 18782
INTELSAT 33E (IS-33E)   
1 41748U 16053B   21281.23382816  .00000047  00000-0  00000+0 0  9996
2 41748   0.0474  11.7776 0001711 173.4413 336.0648  1.00270400 19041
INTELSAT 32E (IS-32E)   
1 41945U 17007B   21280.95167156 -.00000271  00000-0  00000+0 0  9991
2 41945   0.0193 194.1235 0000454 308.8447 173.2458  1.00268336 17063
INTELSAT 35E (IS-35E)   
1 42818U 17041A   21280.88158873 -.00000239  00000-0  00000-0 0  9992
2 42818   0.0183 159.2177 0001669  26.5685 113.8362  1.00272091 15634
INTELSAT 37E (IS-37E)   
1 42950U 17059A   21281.17198456 -.00000142  00000-0  00000+0 0  9994
2 42950   0.0191 180.2944 0002919  16.9385 223.7313  1.00270965 14864
AZERSPACE 2 (IS-38)     
1 43632U 18074A   21281.18454399  .00000135  00000-0  00000+0 0  9993
2 43632   0.0179 191.3178 0001001   8.4933 288.7653  1.00273671 11284
HORIZONS 3E             
1 43633U 18074B   21280.85036465 -.00000032  00000-0  00000-0 0  9995
2 43633   0.0190  26.1185 0001008 257.8121 207.9499  1.00271912 11161
AT&T T-16               
1 44333U 19034A   21280.62865084 -.00000116  00000-0  00000-0 0  9995
2 44333   0.0018 195.7932 0000472 218.2629  87.9097  1.00272580  8459
INTELSAT 39 (IS-39)     
1 44476U 19049B   21281.18794550  .00000032  00000-0  00000+0 0  9995
2 44476   0.0133 243.3562 0000937 164.2191  99.0904  1.00270219  7978
GALAXY 30          