COSMOS 2361 [-]         
1 25590U 98076A   21280.86565187  .00000046  00000-0  33063-4 0  9999
2 25590  82.9378  32.8569 0031427 188.2450 290.0873 13.73002349141870
COSMOS 2378 [-]         
1 26818U 01023A   21280.84886920  .00000043  00000-0  29656-4 0  9998
2 26818  82.9283  51.3686 0033728 136.1053 224.2792 13.73957674 19628
COSMOS 2389 [-]         
1 27436U 02026A   21280.71313802  .00000057  00000-0  43736-4 0  9999
2 27436  82.9548 356.9976 0046327   2.6305 108.7432 13.74959604971643
COSMOS 2398 [-]         
1 27818U 03023A   21281.19675773  .00000051  00000-0  39676-4 0  9994
2 27818  82.9481 317.4238 0032347  34.3442 325.9793 13.72195634918790
COSMOS 2407 [+]         
1 28380U 04028A   21281.27671503  .00000066  00000-0  52248-4 0  9997
2 28380  82.9567 263.0900 0039646   4.7756 355.3762 13.76096974864479
COSMOS 2414 [+]         
1 28521U 05002A   21281.24060701  .00000039  00000-0  18999-4 0  9991
2 28521  82.9464 258.8851 0040137 170.6398 189.5521 13.87638524846577
COSMOS 2429 [-]         
1 32052U 07038A   21280.78587402  .00000023  00000-0  83490-5 0  9998
2 32052  82.9846  28.4628 0037912 341.5622  18.4158 13.74945046706188
COSMOS 2454 [-]         
1 35635U 09039A   21281.22467598  .00000057  00000-0  33680-4 0  9996
2 35635  82.9539 245.7125 0020509 116.8612 243.4650 13.89667911619660
COSMOS 2463 [+]         
1 36519U 10017A   21280.92249598 -.00000026  00000-0 -45667-4 0  9996
2 36519  82.9582  68.2918 0035622 201.4677 158.4987 13.71460427573179
