ONEWEB-0012             
1 44057U 19010A   21280.95102763  .00000006  00000-0 -19913-4 0  9991
2 44057  86.8009 234.6519 0002547  73.0666 287.0747 13.23418577125946
ONEWEB-0010             
1 44058U 19010B   21280.90009593  .00000043  00000-0  68374-4 0  9999
2 44058  86.7855 234.5467 0001866  77.6729 282.4613 13.23122765125996
ONEWEB-0008             
1 44059U 19010C   21280.93180029 -.00000013  00000-0 -64675-4 0  9996
2 44059  86.8014 234.6550 0002071  85.6058 274.5313 13.23600841126101
ONEWEB-0007             
1 44060U 19010D   21280.93319849  .00031693  00000-0  75657-1 0  9997
2 44060  88.2275 239.6387 0001925 103.8160 256.3189 13.22518321126137
ONEWEB-0006             
1 44061U 19010E   21280.51254151 -.00031469  00000-0 -76870-1 0  9997
2 44061  88.1321 239.7687 0005460  54.2578 305.9063 13.21487403126107
ONEWEB-0011             
1 44062U 19010F   21280.51190993 -.00120765  00000-0 -29133+0 0  9997
2 44062  88.0840 239.8009 0001317 324.1118  35.9928 13.22978315126117
ONEWEB-0013             
1 45131U 20008A   21280.87082713 -.00000485  00000-0 -14469-2 0  9998
2 45131  87.9226  33.0370 0001307  84.5878 275.5397 13.09304958 81859
ONEWEB-0017             
1 45132U 20008B   21281.22482515 -.00000589  00000-0 -17237-2 0  9994
2 45132  87.8937  16.8036 0002176 106.8915 253.2451 13.10375245 84385
ONEWEB-0020             
1 45133U 20008C   21280.88823882  .00000333  00000-0  91741-3 0  9990
2 45133  87.8932  16.8587 0002655  89.9072 270.2360 13.10372061 83963
ONEWEB-0021             
1 45134U 20008D   21281.20924060 -.00000384  00000-0 -11352-2 0  9995
2 45134  87.9065  16.6961 0001578 101.2301 258.9004 13.10372147 85181
ONEWEB-0022             
1 45135U 20008E   21280.92876126 -.00000150  00000-0 -46494-3 0  9990
2 45135  87.8941  16.8482 0002310 100.5169 259.6218 13.10375767 83974
ONEWEB-0023             
1 45136U 20008F   21281.22171609 -.00000626  00000-0 -18290-2 0  9999
2 45136  87.8970  16.7152 0001344  76.4364 283.6913 13.10375738 84501
ONEWEB-0024             
1 45137U 20008G   21280.88668236  .00000420  00000-0  11668-2 0  9990
2 45137  87.8878  16.7999 0001263 107.2150 252.9116 13.10369703 83861
ONEWEB-0025             
1 45138U 20008H   21280.90536629 -.00000423  00000-0 -12472-2 0  9993
2 45138  87.8924  16.9122 0001578  96.0605 264.0702 13.10370138 84199
ONEWEB-0026             
1 45139U 20008J   21281.22031745 -.00108136  00000-0 -30999+0 0  9990
2 45139  87.8908   1.6337 0002133  99.0757 261.0612 13.11135820 87503
ONEWEB-0028             
1 45140U 20008K   21280.79495041  .00000017  00000-0  10000-4 0  9999
2 45140  87.1357   8.6364 0001833  83.7449 276.3790 13.09334455    16
ONEWEB-0032             
1 45141U 20008L   21281.22637972 -.00000531  00000-0 -15585-2 0  9994
2 45141  87.8912  16.8305 0001713 107.2025 252.9290 13.10374957 84825
ONEWEB-0033             
1 45142U 20008M   21281.19990890  .00000091  00000-0  22450-3 0  9991
2 45142  87.8903  16.7729 0001846 106.4871 253.6460 13.10370614 84779
ONEWEB-0035             
1 45143U 20008N   21280.92719884 -.00000221  00000-0 -66874-3 0  9999
2 45143  87.8939  16.8739 0001928  93.4718 266.6629 13.10376626 83563
ONEWEB-0036             
1 45144U 20008P   21281.22325920 -.00000673  00000-0 -19630-2 0  9996
2 45144  87.8934  16.7741 0001608  90.4623 269.6688 13.10373844 84892
ONEWEB-0038             
1 45145U 20008Q   21281.21823789  .00000577  00000-0  15911-2 0  9991
2 45145  87.8977   1.5876 0001631  96.4486 263.6828 13.11416624 86606
ONEWEB-0039             
1 45146U 20008R   21281.20456352 -.00000158  00000-0 -48914-3 0  9996
2 45146  87.8929  16.8168 0001189 118.9499 241.1748 13.10371013 84600
ONEWEB-0040             
1 45147U 20008S   21281.19679261  .00000272  00000-0  74341-3 0  9999
2 45147  87.8930  16.8647 0001370 122.9361 237.1898 13.10367918 84318
ONEWEB-0041             
1 45148U 20008T   21280.92792702  .00000076  00000-0  10041-3 0  9995
2 45148  87.9412 359.7829 0019569  99.8693 260.4667 13.48329503 87163
ONEWEB-0043             
1 45149U 20008U   21281.19834653  .00000185  00000-0  49505-3 0  9996
2 45149  87.8931  16.8157 0001019  96.7543 263.3701 13.10371006 84628
ONEWEB-0044             
1 45150U 20008V   21280.92251625 -.00000408  00000-0 -12051-2 0  9995
2 45150  87.8935  16.8783 0001296 105.9559 254.1711 13.10376033 84103
ONEWEB-0045             
1 45151U 20008W   21281.22477531  .00000456  00000-0  12511-2 0  9998
2 45151  87.8931   1.6632 0001907 110.0075 250.1259 13.11416131 86676
ONEWEB-0047             
1 45152U 20008X   21280.91471802 -.00000576  00000-0 -16878-2 0  9994
2 45152  87.8934  16.8743 0001629  98.3078 261.8234 13.10373547 83821
ONEWEB-0048             
1 45153U 20008Y   21281.21547423 -.00000581  00000-0 -17020-2 0  9998
2 45153  87.8935  16.8089 0001478  92.4743 267.6554 13.10372709 84247
ONEWEB-0049             
1 45154U 20008Z   21281.21704201 -.00000599  00000-0 -17518-2 0  9999
2 45154  87.8927  16.8015 0001562  86.7743 273.3563 13.10372635 84475
ONEWEB-0051             
1 45155U 20008AA  21281.22261155  .00000541  00000-0  14898-2 0  9990
2 45155  87.8906   1.6283 0001831 100.9458 259.1876 13.11416514 87358
ONEWEB-0052             
1 45156U 20008AB  21281.21391415 -.00000552  00000-0 -16177-2 0  9999
2 45156  87.8923  16.7937 0001467  55.9016 304.2250 13.10371967 84362
ONEWEB-0053             
1 45157U 20008AC  21280.88979567  .00000266  00000-0  72623-3 0  9991
2 45157  87.8932  16.8870 0001375 106.6115 253.5163 13.10369918 83532
ONEWEB-0054             
1 45158U 20008AD  21280.92562120 -.00000314  00000-0 -93658-3 0  9997
2 45158  87.8936  16.8811 0001977 108.5835 251.5508 13.10371981 83657
ONEWEB-0056             
1 45159U 20008AE  21280.90694351 -.00000495  00000-0 -14553-2 0  9994
2 45159  87.8931  16.8783 0001614  92.9953 267.1359 13.10371253 83802
ONEWEB-0057             
1 45160U 20008AF  21281.21858362 -.00000615  00000-0 -17980-2 0  9996
2 45160  87.8936  16.7902 0001347  98.0633 262.0647 13.10373703 84500
ONEWEB-0058             
1 45161U 20008AG  21281.20612481 -.00000234  00000-0 -70782-3 0  9993
2 45161  87.8936  16.8163 0001513 110.2476 249.8814 13.10371543 84833
ONEWEB-0059             
1 45162U 20008AH  21280.89757376 -.00000104  00000-0 -33454-3 0  9992
2 45162  87.8931  16.8788 0001645 107.9871 252.1436 13.10369746 83940
ONEWEB-0062             
1 45163U 20008AJ  21281.22950534 -.00000448  00000-0 -13195-2 0  9992
2 45163  87.8937  16.8071 0001638  91.1680 268.9635 13.10376690 84602
ONEWEB-0065             
1 45164U 20008AK  21281.20768219 -.00000301  00000-0 -89888-3 0  9999
2 45164  87.8956  16.6952 0001565  99.7464 260.3841 13.10369497 84289
ONEWEB-0066             
1 45424U 20020A   21281.20515428  .00000359  00000-0  97676-3 0  9999
2 45424  87.8966   1.6568 0002193 126.2712 233.8618 13.11418817 78176
ONEWEB-0067             
1 45425U 20020B   21280.92612141  .00000151  00000-0  38902-3 0  9995
2 45425  87.8962   1.7186 0001646 107.8032 252.3275 13.11414365 78182
ONEWEB-0080             
1 45426U 20020C   21281.18116283 -.00000568  00000-0 -16381-2 0  9991
2 45426  87.8967   1.6538 0002082  95.3340 264.8025 13.11417236 78198
ONEWEB-0090             
1 45427U 20020D   21281.19643571  .00000012  00000-0 -14216-5 0  9999
2 45427  87.8975   1.6804 0001846 100.0406 260.0930 13.11418040 78162
ONEWEB-0061             
1 45428U 20020E   21280.92394949  .00000213  00000-0  56585-3 0  9997
2 45428  87.8965   1.6915 0001634 109.9393 250.1911 13.11416021 78079
ONEWEB-0081             
1 45429U 20020F   21280.90652659  .00000602  00000-0  16623-2 0  9991
2 45429  87.8978   1.6748 0001621 118.2209 241.9083 13.11420286 78181
ONEWEB-0069             
1 45430U 20020G   21281.19861159  .00000064  00000-0  14356-3 0  9996
2 45430  87.8968   1.6649 0001789 102.8480 257.2848 13.11420714 78160
ONEWEB-0031             
1 45431U 20020H   21280.86726498 -.00000458  00000-0 -13273-2 0  9991
2 45431  87.8963   1.7227 0001706  96.5486 263.5836 13.11415789 78098
ONEWEB-0027             
1 45432U 20020J   21280.89289670  .00000017  00000-0  94597-5 0  9991
2 45432  87.9172 346.5658 0002112 103.1103 257.0265 13.17651780 80730
ONEWEB-0064             
1 45433U 20020K   21280.94137328 -.00000455  00000-0 -13188-2 0  9992
2 45433  87.8967   1.7224 0002494 114.6146 245.5242 13.11414765 78130
ONEWEB-0018             
1 45434U 20020L   21280.89561708  .00000298  00000-0  80552-3 0  9993
2 45434  87.8967   1.7079 0001671  95.6667 264.4652 13.11419530 78074
ONEWEB-0083             
1 45435U 20020M   21281.18990021 -.00000274  00000-0 -80851-3 0  9999
2 45435  87.8967   1.6561 0001741 100.8662 259.2661 13.11418329 78169
ONEWEB-0095             
1 45436U 20020N   21280.86944071 -.00000468  00000-0 -13554-2 0  9998
2 45436  87.8966   1.7202 0002058 100.3182 259.8179 13.11416394 78111
ONEWEB-0092             
1 45437U 20020P   21280.92178232  .00000334  00000-0  90670-3 0  9999
2 45437  87.8976   1.6663 0001455  89.1505 270.9789 13.11415440 78231
ONEWEB-0085             
1 45438U 20020Q   21281.18335093 -.00000425  00000-0 -12347-2 0  9996
2 45438  87.8968   1.6748 0001740 109.5182 250.6134 13.11417043 78164
ONEWEB-0096             
1 45439U 20020R   21281.19206735 -.00000168  00000-0 -50957-3 0  9992
2 45439  87.8967   1.6595 0001606 114.2981 245.8315 13.11418985 78157
ONEWEB-0037             
1 45440U 20020S   21281.25309980 -.00000478  00000-0 -13844-2 0  9994
2 45440  87.8963   1.6558 0001629  81.8461 278.2852 13.11415620 78194
ONEWEB-0042             
1 45441U 20020T   21280.93048209 -.00000063  00000-0 -21319-3 0  9990
2 45441  87.8965   1.7129 0001565  99.3971 260.7334 13.11415193 78119
ONEWEB-0098             
1 45442U 20020U   21281.17899220 -.00000490  00000-0 -14181-2 0  9997
2 45442  87.8964   1.6651 0001823 112.1192 248.0129 13.11418185 78120
ONEWEB-0055             
1 45443U 20020V   21280.93484886 -.00000232  00000-0 -68986-3 0  9996
2 45443  87.8975   1.6707 0001822 104.5852 255.5478 13.11414629 78064
ONEWEB-0093             
1 45444U 20020W   21280.91088780  .00000602  00000-0  16617-2 0  9990
2 45444  87.8966   1.7213 0001818 102.0091 258.1241 13.11417713 78122
ONEWEB-0029             
1 45445U 20020X   21280.93267986 -.00000149  00000-0 -45569-3 0  9997
2 45445  87.8967   1.6972 0001399 100.7131 259.4155 13.11413575 78107
ONEWEB-0068             
1 45446U 20020Y   21280.90214954  .00000494  00000-0  13578-2 0  9997
2 45446  87.8967   1.7211 0001857 112.1798 247.9527 13.11417643 78048
ONEWEB-0046             
1 45447U 20020Z   21280.89779209  .00000376  00000-0  10248-2 0  9995
2 45447  87.8968   1.7276 0001692  90.5708 269.5614 13.11418410 78059
ONEWEB-0063             
1 45448U 20020AA  21280.92830570  .00000039  00000-0  74924-4 0  9998
2 45448  87.8960   1.7219 0001676  88.9828 271.1492 13.11412831 78149
ONEWEB-0019             
1 45449U 20020AB  21281.20952178  .00000501  00000-0  13773-2 0  9997
2 45449  87.8971   1.6434 0001948  99.0680 261.0669 13.11417198 78034
ONEWEB-0094             
1 45450U 20020AC  21280.89446847  .00000029  00000-0  40916-4 0  9990
2 45450  87.9152 346.4996 0002027 103.1211 257.0147 13.17650953 80681
ONEWEB-0087             
1 45451U 20020AD  21280.93701335 -.00000323  00000-0 -94667-3 0  9992
2 45451  87.8972   1.7262 0001574 123.1370 236.9910 13.11415092 78039
ONEWEB-0082             
1 45452U 20020AE  21280.93919291 -.00000403  00000-0 -11736-2 0  9999
2 45452  87.8964   1.6791 0001719 116.9875 243.1429 13.11414893 78121
ONEWEB-0050             
1 45453U 20020AF  21280.90904510  .00000875  00000-0  77287-4 0  9991
2 45453  87.5413 320.3120 0027941  53.8228 306.5581 14.94751167 84547
ONEWEB-0034             
1 45454U 20020AG  21281.18552056 -.00000564  00000-0 -16259-2 0  9994
2 45454  87.8965   1.6540 0001597  99.6735 260.4573 13.11417353 78083
ONEWEB-0060             
1 45455U 20020AH  21281.19425642 -.00000077  00000-0 -25261-3 0  9999
2 45455  87.8969   1.6525 0001715 100.1237 260.0084 13.11421857 78041
ONEWEB-0086             
1 45456U 20020AJ  21280.90868655  .00000627  00000-0  17320-2 0  9998
2 45456  87.8966   1.7061 0001739 111.1580 248.9733 13.11417805 78059
ONEWEB-0088             
1 45457U 20020AK  21281.26401512 -.00000339  00000-0 -99341-3 0  9990
2 45457  87.8962   1.6590 0001557  99.7849 260.3455 13.11418424 78045
ONEWEB-0102             
1 47258U 20100A   21281.16341672 -.00000273  00000-0 -79386-3 0  9993
2 47258  87.8901 331.2839 0002053 105.4928 254.6427 13.12440042 40037
ONEWEB-0109             
1 47259U 20100B   21280.64034928 -.00000380  00000-0 -10927-2 0  9993
2 47259  87.8961 331.2297 0002304 102.0154 258.1233 13.12440951 39799
ONEWEB-0110             
1 47260U 20100C   21280.66153546  .00000275  00000-0  72844-3 0  9993
2 47260  87.8922 331.3155 0002117 103.9431 256.1933 13.12442291 39965
ONEWEB-0111             
1 47261U 20100D   21281.22695922  .00000070  00000-0  16047-3 0  9992
2 47261  87.8924 331.2305 0001903 104.8237 255.3103 13.12444055 39870
ONEWEB-0114             
1 47262U 20100E   21281.18248745 -.00000156  00000-0 -46958-3 0  9996
2 47262  87.8963 331.0857 0002211  96.9034 263.2347 13.12443670 39828
ONEWEB-0117             
1 47263U 20100F   21280.64246144 -.00000512  00000-0 -14574-2 0  9992
2 47263  87.8874 331.2971 0002007 101.2706 258.8648 13.12443742 39765
ONEWEB-0118             
1 47264U 20100G   21281.12744919  .00000440  00000-0  11883-2 0  9998
2 47264  87.8908 331.2314 0002136  94.5943 265.5430 13.12445734 40023
ONEWEB-0119             
1 47265U 20100H   21280.69964276 -.00000251  00000-0 -73400-3 0  9996
2 47265  87.8900 331.3837 0001980 102.2209 257.9142 13.12440646 39946
ONEWEB-0120             
1 47266U 20100J   21281.18671245 -.00000087  00000-0 -27679-3 0  9997
2 47266  87.8972 331.1960 0002206  98.4165 261.7214 13.12444513 40032
ONEWEB-0121             
1 47267U 20100K   21280.71446118 -.00000498  00000-0 -14207-2 0  9993
2 47267  87.8980 331.3453 0001838 106.7879 253.3451 13.12443359 39884
ONEWEB-0122             
1 47268U 20100L   21280.78437032 -.00000410  00000-0 -11738-2 0  9996
2 47268  87.8891 331.2637 0001663  88.9613 271.1706 13.12440768 39806
ONEWEB-0123             
1 47269U 20100M   21280.70177490 -.00000365  00000-0 -10504-2 0  9997
2 47269  87.8915 331.3493 0001979  97.1987 262.9367 13.12442894 39938
ONEWEB-0124             
1 47270U 20100N   21281.22060449  .00000296  00000-0  78799-3 0  9994
2 47270  87.8883 331.1865 0001882 101.6634 258.4706 13.12440273 39888
ONEWEB-0125             
1 47271U 20100P   21281.12320962  .00000416  00000-0  11214-2 0  9995
2 47271  87.8958 331.2683 0002000  88.2964 271.8393 13.12446932 39935
ONEWEB-0126             
1 47272U 20100Q   21281.22483768  .00000223  00000-0  58549-3 0  9990
2 47272  87.8914 331.2916 0002227 102.6550 257.4827 13.12440437 40017
ONEWEB-0127             
1 47273U 20100R   21281.18883014  .00000004  00000-0 -22989-4 0  9992
2 47273  87.8891 331.2011 0002211  98.2799 261.8580 13.12444651 40035
ONEWEB-0128             
1 47274U 20100S   21280.90295284  .00000468  00000-0  12668-2 0  9992
2 47274  87.8912 331.2660 0001994 106.0517 254.0832 13.12441160 40017
ONEWEB-0129             
1 47275U 20100T   21281.19096406  .00000106  00000-0  26032-3 0  9990
2 47275  87.8924 331.1432 0004091  91.7973 268.3624 13.12442279 39987
ONEWEB-0130             
1 47276U 20100U   21280.91142228  .00000374  00000-0  10033-2 0  9994
2 47276  87.8946 331.2740 0002236 110.3894 249.7475 13.12441433 39915
ONEWEB-0131             
1 47277U 20100V   21281.21215058  .00000431  00000-0  11618-2 0  9995
2 47277  87.8945 331.1616 0001731  96.3089 263.8237 13.12439399 39993
ONEWEB-0132             
1 47278U 20100W   21281.16976706 -.00000369  00000-0 -10609-2 0  9995
2 47278  87.8908 331.2916 0002014  92.5159 267.6200 13.12440928 39888
ONEWEB-0133             
1 47279U 20100X   21281.18460350 -.00000102  00000-0 -31785-3 0  9995
2 47279  87.8931 331.1748 0002143 102.0957 258.0412 13.12444942 40042
ONEWEB-0134             
1 47280U 20100Y   21280.92412091 -.00000019  00000-0 -88918-4 0  9995
2 47280  87.8899 331.2642 0001656 103.6560 256.4753 13.12440952 39984
ONEWEB-0135             
1 47281U 20100Z   21281.19729998  .00000281  00000-0  74680-3 0  9992
2 47281  87.8904 331.1963 0002216 102.3173 257.8204 13.12446255 40043
ONEWEB-0136             
1 47282U 20100AA  21280.91354920  .00000324  00000-0  86511-3 0  9995
2 47282  87.8928 331.2110 0003172 115.5456 244.6001 13.12445989 39935
ONEWEB-0137             
1 47283U 20100AB  21280.87540859 -.00000213  00000-0 -62806-3 0  9999
2 47283  87.8888 331.3349 0002189  91.0338 269.1041 13.12446037 39830
ONEWEB-0138             
1 47284U 20100AC  21281.23120312 -.00000096  00000-0 -30122-3 0  9994
2 47284  87.8892 331.2516 0002166 101.7695 258.3677 13.12440301 39968
ONEWEB-0139             
1 47285U 20100AD  21280.89660691  .00000427  00000-0  11510-2 0  9990
2 47285  87.8946 331.3401 0001962 106.3090 253.8255 13.12443852 39995
ONEWEB-0140             
1 47286U 20100AE  21281.22273425  .00000180  00000-0  46532-3 0  9993
2 47286  87.8921 331.2419 0002177 107.7378 252.3989 13.12441452 39992
ONEWEB-0141             
1 47287U 20100AF  21281.21427139  .00000373  00000-0  10019-2 0  9990
2 47287  87.8896 331.2450 0002191 105.4956 254.6415 13.12446540 39983
ONEWEB-0142             
1 47288U 20100AG  21280.93260398 -.00000278  00000-0 -80752-3 0  9999
2 47288  87.8923 331.3762 0002019  89.4156 270.7204 13.12442621 39941
ONEWEB-0143             
1 47289U 20100AH  21281.19307475  .00000174  00000-0  44735-3 0  9991
2 47289  87.8944 331.1941 0002013 100.2146 259.9210 13.12445008 39956
ONEWEB-0144             
1 47290U 20100AJ  21280.93895497 -.00000325  00000-0 -93870-3 0  9994
2 47290  87.8963 331.1622 0001841 104.6096 255.5237 13.12441720 39841
ONEWEB-0145             
1 47291U 20100AK  21280.90507439  .00000485  00000-0  13132-2 0  9995
2 47291  87.8920 331.2842 0002147 103.1691 256.9677 13.12442879 40037
ONEWEB-0146             
1 47292U 20100AL  21280.90083439  .00000486  00000-0  13168-2 0  9995
2 47292  87.8907 331.3175 0002089 103.8462 256.2899 13.12441992 39943
ONEWEB-0147             
1 47293U 20100AM  21280.87330759 -.00000299  00000-0 -86617-3 0  9996
2 47293  87.8924 331.3121 0002859 112.4497 247.6934 13.12445825 39834
ONEWEB-0115             
1 48042U 21025A   21281.16952200 -.00000020  00000-0 -91011-4 0  9997
2 48042  87.8856 300.6120 0001448  94.2122 265.9173 13.13472142 28732
ONEWEB-0152             
1 48043U 21025B   21280.95368401  .00000081  00000-0  18791-3 0  9996
2 48043  87.8821 300.6240 0001789  98.9526 261.1805 13.13472405 28658
ONEWEB-0153             
1 48044U 21025C   21280.85420484 -.00000590  00000-0 -16519-2 0  9998
2 48044  87.8968 300.8278 0001763  78.1521 281.9805 13.13469202 28630
ONEWEB-0154             
1 48045U 21025D   21281.23299638 -.00000284  00000-0 -81147-3 0  9997
2 48045  87.8808 300.5986 0002236  83.5944 276.5439 13.13470489 28656
ONEWEB-0116             
1 48046U 21025E   21280.89441109  .00000364  00000-0  96107-3 0  9990
2 48046  87.8818 300.6527 0001362  88.7976 271.3309 13.13471642 28742
ONEWEB-0150             
1 48047U 21025F   21281.17163489 -.00000263  00000-0 -75464-3 0  9998
2 48047  87.8814 300.6622 0002091  76.4618 283.6744 13.13471232 28678
ONEWEB-0107             
1 48048U 21025G   21281.17375034 -.00000191  00000-0 -55741-3 0  9996
2 48048  87.8840 300.6021 0002490  92.2451 267.8964 13.13471511 28662
ONEWEB-0101             
1 48049U 21025H   21281.21607364  .00000089  00000-0  20843-3 0  9995
2 48049  87.8835 300.6907 0001967  88.2251 271.9103 13.13468579 28639
ONEWEB-0113             
1 48050U 21025J   21280.88597403  .00000288  00000-0  75268-3 0  9993
2 48050  87.8835 300.6670 0001666  95.9945 264.1374 13.13471876 28671
ONEWEB-0112             
1 48051U 21025K   21281.17797554 -.00000106  00000-0 -32570-3 0  9996
2 48051  87.8817 300.6733 0001761  89.0840 271.0491 13.13472639 28738
ONEWEB-0156             
1 48052U 21025L   21280.88384535  .00000260  00000-0  67694-3 0  9999
2 48052  87.8798 300.6475 0001755  84.5229 275.6100 13.13468404 28668
ONEWEB-0161             
1 48053U 21025M   21280.85632561 -.00000479  00000-0 -13455-2 0  9991
2 48053  87.8796 300.7373 0001787  89.9467 270.1867 13.13469925 28594
ONEWEB-0158             
1 48054U 21025N   21280.89654032  .00000361  00000-0  95322-3 0  9995
2 48054  87.8807 300.6389 0001439  94.9186 265.2108 13.13467976 28724
ONEWEB-0157             
1 48055U 21025P   21280.84363162 -.00000148  00000-0 -44098-3 0  9991
2 48055  87.8821 300.7037 0002335  86.7613 273.3783 13.13469896 28656
ONEWEB-0162             
1 48056U 21025Q   21280.95790358  .00000202  00000-0  51918-3 0  9993
2 48056  87.8843 300.6524 0001710  77.4646 282.6674 13.13472536 28646
ONEWEB-0155             
1 48057U 21025R   21280.90500726  .00000285  00000-0  74658-3 0  9994
2 48057  87.8791 300.7187 0001935  90.3033 269.8318 13.13471207 28778
ONEWEB-0149             
1 48058U 21025S   21281.22875267 -.00000212  00000-0 -61428-3 0  9999
2 48058  87.8746 300.5769 0001918  71.4172 288.7165 13.13467263 28630
ONEWEB-0148             
1 48059U 21025T   21280.88808113  .00000343  00000-0  90404-3 0  9996
2 48059  87.8798 300.6320 0002518  72.0769 288.0634 13.13471916 28700
ONEWEB-0160             
1 48060U 21025U   21280.90711177  .00000187  00000-0  47702-3 0  9993
2 48060  87.8778 300.6435 0000634 136.7466 223.3713 13.13471156 28656
ONEWEB-0163             
1 48061U 21025V   21280.96638711  .00000378  00000-0  99927-3 0  9990
2 48061  87.8805 300.6556 0002691  91.8231 268.3206 13.13472462 28789
ONEWEB-0159             
1 48062U 21025W   21280.95156792  .00000240  00000-0  62267-3 0  9999
2 48062  87.8791 300.6081 0002364  84.2848 275.8551 13.13471835 28705
ONEWEB-0164             
1 48063U 21025X   21280.86057279 -.00000257  00000-0 -73929-3 0  9997
2 48063  87.8792 300.6383 0001978 112.1361 247.9978 13.13467928 28670
ONEWEB-0167             
1 48064U 21025Y   21280.96849185  .00000386  00000-0  10207-2 0  9994
2 48064  87.8846 300.6470 0002196  89.4755 270.6626 13.13471966 28674
ONEWEB-0166             
1 48065U 21025Z   21280.91347076  .00000048  00000-0  97273-4 0  9997
2 48065  87.8815 300.7370 0001922  82.4118 277.7230 13.13473272 28742
ONEWEB-0151             
1 48066U 21025AA  21280.91558501 -.00000003  00000-0 -43750-4 0  9999
2 48066  87.8820 300.6719 0002106 110.1896 249.9459 13.13471589 28688
ONEWEB-0170             
1 48067U 21025AB  21280.84574157 -.00000178  00000-0 -52256-3 0  9990
2 48067  87.8852 300.6830 0002323 129.8934 230.2400 13.13468281 28638
ONEWEB-0168             
1 48068U 21025AC  21280.90924654  .00000145  00000-0  36183-3 0  9992
2 48068  87.8845 300.6739 0001939  82.2182 277.9168 13.13465989 28651
ONEWEB-0173             
1 48069U 21025AD  21280.90076847  .00000345  00000-0  90867-3 0  9996
2 48069  87.8797 300.6602 0002558 101.8785 258.2631 13.13472637 28893
ONEWEB-0171             
1 48070U 21025AE  21280.85844487 -.00000261  00000-0 -75071-3 0  9994
2 48070  87.8783 300.6719 0001913  74.5844 285.5496 13.13471563 28704
ONEWEB-0172             
1 48071U 21025AF  21281.00913945  .00037255  00000-0  81067-1 0  9990
2 48071  88.2052 298.9842 0004807 338.0760  22.0172 13.28664852 29601
ONEWEB-0174             
1 48072U 21025AG  21281.20337371  .00000325  00000-0  85392-3 0  9991
2 48072  87.8825 300.6052 0002325  68.5343 291.6034 13.13471350 28966
ONEWEB-0175             
1 48073U 21025AH  21281.23086351 -.00000614  00000-0 -17170-2 0  9995
2 48073  87.8832 300.6884 0001881 114.8938 245.2386 13.13469429 28621
ONEWEB-0177             
1 48074U 21025AJ  21280.86269592 -.00000237  00000-0 -68381-3 0  9996
2 48074  87.8764 300.6807 0002970  98.8215 261.3250 13.13467607 28760
ONEWEB-0178             
1 48075U 21025AK  21281.18433529  .00000047  00000-0  93980-4 0  9997
2 48075  87.8772 300.6614 0002039  88.3431 271.7932 13.13466148 28857
ONEWEB-0108             
1 48076U 21025AL  21280.91771429 -.00000071  00000-0 -23016-3 0  9993
2 48076  87.8814 300.6839 0001392  66.8050 293.3225 13.13466091 28743
ONEWEB-0169             
1 48077U 21025AM  21280.87115254 -.00000063  00000-0 -20653-3 0  9992
2 48077  87.8808 300.6549 0001733  68.9554 291.1760 13.13468551 27399
ONEWEB-0176             
1 48210U 21031A   21280.91911481 -.00000176  00000-0 -50794-3 0  9993
2 48210  87.8975 270.1828 0002174  88.9374 271.2005 13.14504738 23235
ONEWEB-0184             
1 48211U 21031B   21281.19821902  .00000690  00000-0  18272-2 0  9996
2 48211  87.9041 270.1949 0002436 126.9394 233.1959 13.14502609 23242
ONEWEB-0179             
1 48212U 21031C   21280.93814277 -.00000061  00000-0 -19821-3 0  9991
2 48212  87.8991 270.2368 0002380  86.1499 273.9903 13.14504684 23250
ONEWEB-0180             
1 48213U 21031D   21281.20032640  .00000190  00000-0  47682-3 0  9996
2 48213  87.9040 270.1951 0002202  84.4002 275.7379 13.14501413 23173
ONEWEB-0218             
1 48214U 21031E   21281.22145205 -.00000189  00000-0 -54408-3 0  9995
2 48214  87.9001 270.1823 0002983 118.7025 241.4405 13.14500055 23330
ONEWEB-0209             
1 48215U 21031F   21280.90640936 -.00000028  00000-0 -11107-3 0  9992
2 48215  87.9019 270.2424 0002101  87.5142 272.6228 13.14508090 23294
ONEWEB-0198             
1 48216U 21031G   21281.19609582  .00000235  00000-0  59838-3 0  9998
2 48216  87.9036 270.1265 0002749  99.1789 260.9652 13.14510200 23422
ONEWEB-0189             
1 48217U 21031H   21280.90431505  .00000012  00000-0 -19619-5 0  9994
2 48217  87.8966 270.2434 0002597 100.7904 259.3518 13.14501108 23141
ONEWEB-0196             
1 48218U 21031J   21280.95928564  .00000194  00000-0  48789-3 0  9994
2 48218  87.9012 270.1894 0001958  97.0431 263.0922 13.14505807 23159
ONEWEB-0183             
1 48219U 21031K   21281.23627286 -.00000201  00000-0 -57722-3 0  9992
2 48219  87.9053 270.1435 0002046  83.2289 276.9073 13.14506513 23282
ONEWEB-0185             
1 48220U 21031L   21281.18974634  .00000217  00000-0  55144-3 0  9991
2 48220  87.8978 270.1825 0002183  81.5749 278.5628 13.14504829 23200
ONEWEB-0187             
1 48221U 21031M   21281.24048469 -.00000131  00000-0 -38857-3 0  9996
2 48221  87.8986 270.1769 0002181  84.9831 275.1547 13.14508918 23222
ONEWEB-0192             
1 48222U 21031N   21280.90853671 -.00000075  00000-0 -23782-3 0  9996
2 48222  87.8975 270.2210 0002099  99.1865 260.9502 13.14504967 23094
ONEWEB-0219             
1 48223U 21031P   21281.19398897  .00000223  00000-0  56581-3 0  9999
2 48223  87.8988 270.1630 0002085  92.2532 267.8837 13.14501397 23343
ONEWEB-0202             
1 48224U 21031Q   21280.94446074  .00000001  00000-0 -32341-4 0  9997
2 48224  87.8977 270.2435 0003028 109.3734 250.7724 13.14500498 23288
ONEWEB-0204             
1 48225U 21031R   21280.92966227 -.00000585  00000-0 -16135-2 0  9992
2 48225  87.8948 270.2338 0001292  68.2363 291.8904 13.14502258 23171
ONEWEB-0205             
1 48226U 21031S   21280.95504835  .00000194  00000-0  48775-3 0  9999
2 48226  87.8986 270.2141 0002123 128.3318 231.8003 13.14505476 23199
ONEWEB-0206             
1 48227U 21031T   21280.92755210 -.00001159  00000-0 -31608-2 0  9992
2 48227  87.9022 270.2301 0002242  79.9734 280.1649 13.14506097 23143
ONEWEB-0182             
1 48228U 21031U   21281.22567256 -.00000230  00000-0 -65528-3 0  9996
2 48228  87.8989 270.1878 0002276  84.0873 276.0516 13.14498463 23404
ONEWEB-0186             
1 48229U 21031V   21280.93391434 -.00000199  00000-0 -57211-3 0  9991
2 48229  87.8971 270.2284 0002392  92.4193 267.7210 13.14504558 23305
ONEWEB-0181             
1 48230U 21031W   21281.21511892 -.00000108  00000-0 -32541-3 0  9996
2 48230  87.8974 270.1007 0001925  90.6278 269.5072 13.14505619 23201
ONEWEB-0188             
1 48231U 21031X   21280.95082545  .00000125  00000-0  30176-3 0  9994
2 48231  87.8981 270.2471 0002223  85.3327 274.8057 13.14500747 23067
ONEWEB-0220             
1 48232U 21031Y   21281.21723617 -.00000110  00000-0 -33020-3 0  9994
2 48232  87.8988 270.1587 0002550  88.1623 271.9798 13.14504565 23360
ONEWEB-0165             
1 48233U 21031Z   21280.94234981 -.00000385  00000-0 -10720-2 0  9990
2 48233  87.9013 270.2456 0002488  89.6308 270.5107 13.14504110 23289
ONEWEB-0199             
1 48234U 21031AA  21280.92545301 -.00000199  00000-0 -57049-3 0  9999
2 48234  87.9009 270.2577 0002200  90.0140 270.1242 13.14504865 23183
ONEWEB-0203             
1 48235U 21031AB  21280.91487457 -.00000140  00000-0 -41223-3 0  9999
2 48235  87.9028 270.1431 0001731 109.6775 250.4542 13.14505614 23190
ONEWEB-0197             
1 48236U 21031AC  21280.90218497  .00000042  00000-0  78190-4 0  9998
2 48236  87.8981 270.2489 0002066  89.7757 270.3610 13.14500356 23108
ONEWEB-0194             
1 48237U 21031AD  21280.94657681  .00000001  00000-0 -32421-4 0  9998
2 48237  87.8994 270.2382 0001414 102.1098 258.0190 13.14506315 23285
ONEWEB-0193             
1 48238U 21031AE  21281.19187430  .00000245  00000-0  62742-3 0  9994
2 48238  87.8973 270.1887 0002040  99.9163 260.2197 13.14501256 23263
ONEWEB-0191             
1 48239U 21031AF  21281.20242965  .00000185  00000-0  46400-3 0  9998
2 48239  87.8999 270.2035 0001833  98.4192 261.7146 13.14500237 23126
ONEWEB-0195             
1 48240U 21031AG  21280.95292716  .00000157  00000-0  38776-3 0  9996
2 48240  87.8973 270.2282 0002685  97.8040 262.3395 13.14505860 23079
ONEWEB-0201             
1 48241U 21031AH  21280.94871803  .00000119  00000-0  28550-3 0  9993
2 48241  87.8991 270.2393 0001912  86.7037 273.4312 13.14504685 23300
ONEWEB-0207             
1 48242U 21031AJ  21280.92333849 -.00000213  00000-0 -60909-3 0  9996
2 48242  87.9009 270.2480 0002007  75.2135 284.9217 13.14504826 23215
ONEWEB-0208             
1 48243U 21031AK  21281.20455683  .00000158  00000-0  39106-3 0  9991
2 48243  87.8978 270.1816 0002424  99.2681 260.8723 13.14501100 23269
ONEWEB-0200             
1 48244U 21031AL  21280.94024446 -.00000050  00000-0 -17004-3 0  9997
2 48244  87.8969 270.2138 0002560  99.1956 260.9464 13.14509406 23151
ONEWEB-0217             
1 48245U 21031AM  21280.95716312  .00000203  00000-0  51323-3 0  9999
2 48245  87.9012 270.2323 0002494  99.7531 260.3880 13.14506277 23103
ONEWEB-0211             
1 48767U 21045A   21280.91667824 -.00011185  00000-0 -29777-1 0  9991
2 48767  87.9118 239.8068 0001909  98.7028 319.1840 13.15560304  3307
ONEWEB-0223             
1 48768U 21045B   21281.33336806  .00033447  00000-0  88527-1 0  9993
2 48768  87.9144 239.7354 0001739 103.5284  26.3683 13.15518002 20336
ONEWEB-0230             
1 48769U 21045C   21281.33336806 -.00076434  00000-0 -16675+0 0  9992
2 48769  87.9641 239.6848 0004071 151.3402 157.2908 13.29373714 20564
ONEWEB-0237             
1 48770U 21045D   21280.91667824 -.00009869  00000-0 -26140-1 0  9992
2 48770  87.9244 239.5072 0001331  99.9476  39.9941 13.15907701  3307
ONEWEB-0235             
1 48771U 21045E   21281.33336806  .00000013  00000-0  00000+0 0  9998
2 48771  87.9205 239.5369 0002094 127.4925 175.9522 13.29204330 20282
ONEWEB-0242             
1 48772U 21045F   21281.25001157  .00042111  00000-0  11137+0 0  9996
2 48772  87.9093 239.7572 0001771  98.7641 336.5176 13.15513844 20336
ONEWEB-0241             
1 48773U 21045G   21280.91667824 -.00011988  00000-0 -31892-1 0  9990
2 48773  87.9136 239.8527 0002017 102.8113 255.1510 13.15604458  3286
ONEWEB-0243             
1 48774U 21045H   21280.91667824 -.00009346  00000-0 -24691-1 0  9995
2 48774  87.9283 239.6818 0001739  98.6251 106.5899 13.16079940  3312
ONEWEB-0222             
1 48775U 21045J   21281.33336806  .00032680  00000-0  86470-1 0  9994
2 48775  87.9145 239.6615 0001862  96.7250 333.4897 13.15543888 20314
ONEWEB-0244             
1 48776U 21045K   21281.33336806  .00000014  00000-0  00000+0 0  9994
2 48776  88.4246 239.1030 0006254 163.7016 185.9567 13.82645703 20737
ONEWEB-0247             
1 48777U 21045L   21280.49713047 -.00089182  00000-0 -21656+0 0  9992
2 48777  87.9295 239.8964 0001733 119.0522 241.0786 13.22303758 20228
ONEWEB-0245             
1 48778U 21045M   21281.33336806 -.00211634  00000-0 -57457+0 0  9998
2 48778  87.9087 239.5707 0001812 112.4727 254.6406 13.15632382 20300
ONEWEB-0229             
1 48779U 21045N   21280.91667824 -.00012261  00000-0 -30506-1 0  9992
2 48779  87.9166 239.5463 0001670 101.4449 291.8170 13.20153932  3306
ONEWEB-0228             
1 48780U 21045P   21280.91667824 -.00009175  00000-0 -24266-1 0  9990
2 48780  87.9109 239.7331 0001628  90.0080  63.6775 13.16009462  3295
ONEWEB-0232             
1 48781U 21045Q   21281.33336806  .00034270  00000-0  82605-1 0  9994
2 48781  87.9314 239.7655 0001698  97.0998 221.6322 13.21848819 20561
ONEWEB-0231             
1 48782U 21045R   21280.91667824 -.00015495  00000-0 -41288-1 0  9997
2 48782  87.9099 239.7834 0001935 109.3751 176.5785 13.15509060  3296
ONEWEB-0234             
1 48783U 21045S   21280.91667824 -.00008982  00000-0 -23912-1 0  9995
2 48783  87.9094 239.7892 0002251  84.8693  82.7648 13.15560641  3300
ONEWEB-0238             
1 48784U 21045T   21281.33336806  .00000013  00000-0  00000+0 0  9992
2 48784  87.9093 239.6690 0000888  83.0161 198.5272 13.16015621 20290
ONEWEB-0240             
1 48785U 21045U   21280.91667824 -.00012069  00000-0 -32129-1 0  9998
2 48785  87.9118 239.7662 0002359 107.4728 260.4710 13.15559547  3302
ONEWEB-0246             
1 48786U 21045V   21280.91667824 -.00011747  00000-0 -31073-1 0  9998
2 48786  87.9083 239.8460 0001501  99.0483 286.7906 13.15996592  3294
ONEWEB-0210             
1 48787U 21045W   21280.91667824 -.00012001  00000-0 -30376-1 0  9998
2 48787  87.9224 239.8765 0001705 101.0858 270.5683 13.18992857  3292
ONEWEB-0214             
1 48788U 21045X   21281.33336806 -.00021816  00000-0 -58127-1 0  9997
2 48788  87.9080 239.7562 0002528 116.8731 147.0640 13.15540667 20199
ONEWEB-0221             
1 48789U 21045Y   21280.91667824 -.00010541  00000-0 -28382-1 0  9991
2 48789  87.9096 239.8384 0001762 100.3629 341.2442 13.14788206  3307
ONEWEB-0213             
1 48790U 21045Z   21281.25001157  .00041927  00000-0  10447+0 0  9993
2 48790  87.9284 239.6340 0001980 103.4794 158.3691 13.19559438 20352
ONEWEB-0212             
1 48791U 21045AA  21280.91667824 -.00009499  00000-0 -25279-1 0  9996
2 48791  87.9163 239.7310 0002140  77.1704 141.4835 13.15586545  3308
ONEWEB-0227             
1 48792U 21045AB  21280.91667824 -.00010515  00000-0 -27993-1 0  9993
2 48792  87.9107 239.5765 0002040  98.9510 151.1311 13.15560555  3304
ONEWEB-0226             
1 48793U 21045AC  21280.91667824 -.00011437  00000-0 -30925-1 0  9997
2 48793  87.9161 239.6862 0001433  94.8316 197.0924 13.14496379  3308
ONEWEB-0224             
1 48794U 21045AD  21280.91667824 -.00010592  00000-0 -28180-1 0  9999
2 48794  87.9116 239.8518 0002169  71.2389   7.2325 13.15600904  3304
ONEWEB-0233             
1 48795U 21045AE  21281.33336806  .00033698  00000-0  88451-1 0  9997
2 48795  87.9084 239.6007 0001953 100.3950  57.5781 13.16085506 20194
ONEWEB-0190             
1 48796U 21045AF  21281.33336806  .00000013  00000-0  00000+0 0  9995
2 48796  87.9451 239.5793 0001954 109.7746  97.8793 13.25753231 20277
ONEWEB-0236             
1 48797U 21045AG  21280.91667824 -.00011541  00000-0 -30731-1 0  9992
2 48797  87.9121 239.8474 0002693  91.9031 305.6887 13.15545670  3282
ONEWEB-0248             
1 48798U 21045AH  21280.91667824 -.00012013  00000-0 -32006-1 0  9995
2 48798  87.9109 239.8273 0002192 121.1430 216.9404 13.15507508  3309
ONEWEB-0225             
1 48799U 21045AJ  21281.33336806  .00000013  00000-0  00000+0 0  9998
2 48799  87.9306 239.6963 0001380 115.7422 257.8572 13.22693168 20351
ONEWEB-0215             
1 48800U 21045AK  21280.91667824 -.00011889  00000-0 -31477-1 0  9990
2 48800  87.9086 239.8472 0002015 124.0023 251.1150 13.15936606  3294
ONEWEB-0216             
1 48801U 21045AL  21280.91667824 -.00012059  00000-0 -31802-1 0  9993
2 48801  87.9120 239.7452 0001129 104.3445 219.6130 13.16201628 20156
ONEWEB-0239             
1 48802U 21045AM  21281.25001157  .00000013  00000-0  00000+0 0  9992
2 48802  87.9126 239.7179 0002116 120.6524 320.0414 13.15280056 20260
ONEWEB-0249             
1 48967U 21060A   21280.91667824 -.00043625  00000-0 -94384-1 0  9990
2 48967  87.9727 209.5415 0001895  71.9012 207.0660 13.29693692  3335
ONEWEB-0250             
1 48968U 21060B   21281.33336806 -.00009621  00000-0 -22995-1 0  9998
2 48968  87.9399 209.4791 0001614  69.3569 293.0065 13.22864966 15495
ONEWEB-0251             
1 48969U 21060C   21281.33336806 -.00024720  00000-0 -77507-3 0  9997
2 48969  87.4260 202.7378 0007098 272.7239 176.9495 15.33233575 16421
ONEWEB-0252             
1 48970U 21060D   21280.91667824 -.00044694  00000-0 -96015-1 0  9994
2 48970  87.9706 209.5821 0001539 109.1607 348.5707 13.30169967  3345
ONEWEB-0253             
1 48971U 21060E   21281.25001157  .00000013  00000-0  00000+0 0  9996
2 48971  87.9564 209.5746 0001011 178.0874  18.2936 13.26940846 15469
ONEWEB-0254             
1 48972U 21060F   21281.33336806  .00000013  00000-0  00000+0 0  9998
2 48972  87.9413 209.4649 0001258 132.1361 102.9231 13.23645520 15477
ONEWEB-0255             
1 48973U 21060G   21280.91667824 -.00043699  00000-0 -94204-1 0  9999
2 48973  87.9717 209.5669 0001161 108.5646 218.8267 13.29933535  3345
ONEWEB-0256             
1 48974U 21060H   21280.91667824 -.00044070  00000-0 -94796-1 0  9990
2 48974  87.9703 209.5757 0001619 116.4918  77.1268 13.30081204  3332
ONEWEB-0257             
1 48975U 21060J   21280.91667824 -.00044574  00000-0 -95966-1 0  9990
2 48975  87.9705 209.6068 0001612 104.4576  36.8879 13.30025124  3330
ONEWEB-0258             
1 48976U 21060K   21280.91667824 -.00043995  00000-0 -94692-1 0  9992
2 48976  87.9712 209.5733 0001556  75.9282 304.5575 13.30041058  3343
ONEWEB-0259             
1 48977U 21060L   21280.91667824 -.00044241  00000-0 -95223-1 0  9999
2 48977  87.9704 209.5613 0001555 115.4350 290.1672 13.30041968  3334
ONEWEB-0260             
1 48978U 21060M   21280.91667824 -.00044523  00000-0 -96022-1 0  9991
2 48978  87.9713 209.5798 0001003 321.5426 113.5145 13.29911418  3338
ONEWEB-0261             
1 48979U 21060N   21280.91667824 -.00043689  00000-0 -94123-1 0  9994
2 48979  87.9707 209.5694 0001309 109.6914 139.3567 13.29975554  3349
ONEWEB-0262             
1 48980U 21060P   21280.91667824 -.00043661  00000-0 -94088-1 0  9996
2 48980  87.9714 209.5048 0001054  89.4166 196.0335 13.29956879  3345
ONEWEB-0263             
1 48981U 21060Q   21280.91667824 -.00044193  00000-0 -95508-1 0  9996
2 48981  87.9711 209.4883 0002242  95.8528  89.0731 13.29770526  3335
ONEWEB-0264             
1 48982U 21060R   21280.91667824 -.00043924  00000-0 -94423-1 0  9993
2 48982  87.9705 209.4008 0000743  72.5754 292.0636 13.30121449  3342
ONEWEB-0265             
1 48983U 21060S   21281.25001157  .00041810  00000-0  98444-3 0  9992
2 48983  87.4045 202.2366 0003643 255.0547 200.3682 15.41774199 16485
ONEWEB-0266             
1 48984U 21060T   21281.33336806 -.00017909  00000-0 -38675-1 0  9996
2 48984  87.9734 209.4428 0003125 335.6851 122.0134 13.29653425 15485
ONEWEB-0267             
1 48985U 21060U   21280.91667824 -.00044053  00000-0 -95112-1 0  9996
2 48985  87.9708 209.5488 0000782 164.5469  30.9821 13.29835870  3342
ONEWEB-0268             
1 48986U 21060V   21280.91667824 -.00325898  00000-0 -36027+0 0  9994
2 48986  87.9431 208.9277 0006913 332.0989  14.7731 13.74252302  3417
ONEWEB-0269             
1 48987U 21060W   21280.91667824 -.00044724  00000-0 -96068-1 0  9994
2 48987  87.9698 209.5489 0001959  64.1465  29.5786 13.30178162  3341
ONEWEB-0270             
1 48988U 21060X   21280.91667824 -.00043929  00000-0 -94936-1 0  9993
2 48988  87.9709 209.5115 0001395  85.5478 288.5853 13.29770426  3347
ONEWEB-0271             
1 48989U 21060Y   21280.91667824 -.00044485  00000-0 -95934-1 0  9991
2 48989  87.9708 209.5639 0001206 111.1482 318.7202 13.29914347  3346
ONEWEB-0272             
1 48990U 21060Z   21280.91667824 -.00043701  00000-0 -93990-1 0  9993
2 48990  87.9706 209.5259 0000987 116.7613 198.1978 13.30087049  3348
ONEWEB-0273             
1 48991U 21060AA  21280.91667824 -.00043750  00000-0 -94641-1 0  9992
2 48991  87.9727 209.5207 0001434 112.3462 120.5701 13.29705114  3348
ONEWEB-0274             
1 48992U 21060AB  21280.91667824 -.00044633  00000-0 -96647-1 0  9992
2 48992  87.9737 209.5565 0000705 132.4727 323.9092 13.29644989  3337
ONEWEB-0275             
1 48993U 21060AC  21281.33336806 -.00009896  00000-0 -21333-1 0  9995
2 48993  87.9704 209.4612 0007513 344.6031  24.6892 13.29741465 15459
ONEWEB-0276             
1 48994U 21060AD  21280.91667824 -.00044605  00000-0 -95836-1 0  9992
2 48994  87.9698 209.5908 0001552 110.0669  29.1781 13.30162062  3388
ONEWEB-0277             
1 48995U 21060AE  21281.25001157  .00000013  00000-0  00000+0 0  9992
2 48995  87.9639 209.5288 0001275 100.5526 204.5489 13.28416267 15443
ONEWEB-0278             
1 48996U 21060AF  21280.91667824 -.00047196  00000-0 -10143+0 0  9998
2 48996  87.9709 209.4027 0007557 289.1920 136.0937 13.30151588  3374
ONEWEB-0279             
1 48997U 21060AG  21280.91667824 -.00043716  00000-0 -94281-1 0  9990
2 48997  87.9723 209.5091 0001513  93.7615 234.3590 13.29905268  3365
ONEWEB-0280             
1 48998U 21060AH  21280.91667824 -.00043999  00000-0 -95223-1 0  9991
2 48998  87.9727 209.5491 0000354 124.9091  77.1995 13.29675702  3337
ONEWEB-0281             
1 48999U 21060AJ  21280.91667824  .00039020  00000-0  83409-1 0  9993
2 48999  87.9720 209.5027 0001308 100.3409  96.7839 13.29836590  3357
ONEWEB-0282             
1 49000U 21060AK  21280.91667824 -.00044327  00000-0 -95513-1 0  9994
2 49000  87.9715 209.6164 0001757 106.7780 308.9599 13.29969225  3339
ONEWEB-0283             
1 49001U 21060AL  21280.91667824 -.00044707  00000-0 -96279-1 0  9997
2 49001  87.9712 209.5847 0001730 100.3147   3.0652 13.30008476  3340
ONEWEB-0284             
1 49002U 21060AM  21280.91667824 -.00044472  00000-0 -95905-1 0  9992
2 49002  87.9719 209.5339 0001668  75.2752  81.7398 13.29915120  3336
ONEWEB-0285             
1 49075U 21075A   21280.91667824 -.00026788  00000-0 -30875-2 0  9994
2 49075  87.5377 350.3961 0019791 125.9787 237.7351 14.85824812  3584
ONEWEB-0286             
1 49076U 21075B   21280.91667824 -.00025607  00000-0 -27689-2 0  9993
2 49076  87.2045 349.7011 0021449 129.4471 167.3639 14.88396497  3576
ONEWEB-0287             
1 49077U 21075C   21281.25001157 -.00992083  00000-0 -15235+0 0  9995
2 49077  87.4674 350.2087 0022722 124.9312  66.9441 14.76680388  8455
ONEWEB-0288             
1 49078U 21075D   21280.91667824 -.00028783  00000-0 -33196-2 0  9993
2 49078  87.5416 350.3676 0020423 132.8489  52.6791 14.85797127  3573
ONEWEB-0289             
1 49079U 21075E   21280.91667824 -.01010628  00000-0 -15401+0 0  9990
2 49079  87.4610 350.2736 0023062 128.4205 166.5748 14.77058061  3579
ONEWEB-0290             
1 49080U 21075F   21281.25001157 -.00970211  00000-0 -13866+0 0  9996
2 49080  87.4764 350.1809 0024567 129.6938 209.8926 14.79601275  8452
ONEWEB-0291             
1 49081U 21075G   21280.91667824 -.00999726  00000-0 -14890+0 0  9998
2 49081  87.4697 350.2755 0021362 122.2355   9.6267 14.78024698  3570
ONEWEB-0293             
1 49082U 21075H   21280.91667824 -.00950787  00000-0 -13145+0 0  9995
2 49082  87.4702 350.2770 0023764 124.0221 267.8537 14.80943280  3584
ONEWEB-0294             
1 49083U 21075J   21280.91667824 -.00894097  00000-0 -96686-1 0  9990
2 49083  87.2133 349.6938 0024151 124.2699 245.4660 14.91226620  3584
ONEWEB-0295             
1 49084U 21075K   21281.25001157 -.00958935  00000-0 -15481+0 0  9994
2 49084  87.4604 350.2171 0022896 128.9711 204.0062 14.74439820  8432
ONEWEB-0296             
1 49085U 21075L   21280.91667824 -.00025960  00000-0 -28084-2 0  9995
2 49085  87.2044 349.6932 0023879 128.4140 133.6909 14.88337366  3584
ONEWEB-0297             
1 49086U 21075M   21281.33336806 -.00055963  00000-0 -64691-2 0  9996
2 49086  87.5367 350.2731 0019906 121.7524 298.6553 14.85850846  8480
ONEWEB-0298             
1 49087U 21075N   21281.33336806 -.01047086  00000-0 -15901+0 0  9992
2 49087  87.4667 350.1522 0022123 120.5087 347.2688 14.76841618  8483
ONEWEB-0299             
1 49088U 21075P   21281.33336806 -.01040097  00000-0 -17221+0 0  9995
2 49088  87.4470 350.1713 0021592 128.1269 219.2632 14.73136898  8440
ONEWEB-0300             
1 49089U 21075Q   21280.91667824 -.00028561  00000-0 -32921-2 0  9994
2 49089  87.5406 350.3532 0020872 131.6889  84.2474 14.85811840  3572
ONEWEB-0301             
1 49090U 21075R   21280.91667824 -.00026089  00000-0 -28227-2 0  9993
2 49090  87.2009 349.6786 0022068 127.5084 333.0935 14.88364330  3580
ONEWEB-0302             
1 49091U 21075S   21280.91667824 -.00027312  00000-0 -29405-2 0  9993
2 49091  87.1992 349.6634 0023521 123.7054  33.5932 14.88543387  3583
ONEWEB-0304             
1 49092U 21075T   21280.91667824 -.01030049  00000-0 -16583+0 0  9996
2 49092  87.4493 350.3091 0023485 132.0607 221.1582 14.74278296  3579
ONEWEB-0305             
1 49093U 21075U   21281.33336806 -.01045167  00000-0 -15846+0 0  9995
2 49093  87.4670 350.1645 0022392 120.7006 307.7230 14.76900393  8469
ONEWEB-0308             
1 49094U 21075V   21280.91667824 -.00025798  00000-0 -27887-2 0  9994
2 49094  87.2052 349.6994 0021747 129.1168 226.5842 14.88404092  3580
ONEWEB-0309             
1 49095U 21075W   21280.91667824 -.00978231  00000-0 -15560+0 0  9996
2 49095  87.4516 350.3116 0023144 131.6111 354.5689 14.75131154  3563
ONEWEB-0310             
1 49096U 21075X   21280.91667824 -.00027005  00000-0 -31130-2 0  9995
2 49096  87.5443 350.4038 0020169 130.6720 311.7097 14.85813174  3576
ONEWEB-0311             
1 49097U 21075Y   21281.33336806 -.00913908  00000-0 -12542+0 0  9995
2 49097  87.4908 350.1423 0021694 122.7148 231.8807 14.81179223  8489
ONEWEB-0312             
1 49098U 21075Z   21281.33336806 -.01052582  00000-0 -16380+0 0  9993
2 49098  87.4596 350.1692 0023500 127.4126 189.6435 14.75790430  8464
ONEWEB-0313             
1 49099U 21075AA  21281.33336806 -.01043518  00000-0 -15711+0 0  9990
2 49099  87.4679 350.1556 0021084 119.9530  19.1831 14.77216481  8486
ONEWEB-0314             
1 49100U 21075AB  21281.33336806 -.00909318  00000-0 -14942+0 0  9996
2 49100  87.4497 350.1722 0023136 130.3210 271.3151 14.73515525  8466
ONEWEB-0315             
1 49101U 21075AC  21280.91667824 -.00027668  00000-0 -31901-2 0  9993
2 49101  87.5400 350.3682 0020543 130.4443 339.6062 14.85801128  3573
ONEWEB-0316             
1 49102U 21075AD  21280.91667824 -.00025564  00000-0 -27554-2 0  9996
2 49102  87.2043 349.6778 0021296 117.0427 182.3578 14.88528494  8452
ONEWEB-0317             
1 49103U 21075AE  21281.33336806 -.00964623  00000-0 -10499+0 0  9992
2 49103  87.5257 350.1192 0020708 127.7354 232.2351 14.90789887  8490
ONEWEB-0318             
1 49104U 21075AF  21280.91667824 -.00025739  00000-0 -27850-2 0  9991
2 49104  87.1995 349.6590 0021383 113.7691 227.3058 14.88371356  8450
ONEWEB-0319             
1 49105U 21075AG  21281.33336806 -.01026509  00000-0 -15626+0 0  9994
2 49105  87.4692 350.1538 0023128 122.6050 312.4354 14.77153194  8488
ONEWEB-0323             
1 49106U 21075AH  21280.91667824 -.00027453  00000-0 -29708-2 0  9992
2 49106  87.2017 349.6807 0024004 120.7029  78.4712 14.88329001  8446
ONEWEB-0329             
1 49107U 21075AJ  21280.91667824 -.00995943  00000-0 -15700+0 0  9995
2 49107  87.4550 350.3009 0023961 131.4904 321.4571 14.75554460  8401
ONEWEB-0330             
1 49108U 21075AK  21281.33336806 -.00946518  00000-0 -13195+0 0  9996
2 49108  87.4720 350.1590 0022807 132.1444 317.4452 14.80604110  8473
ONEWEB-0292             
1 49186U 21083A   21280.91667824 -.01030560  00000-0 -70470-1 0  9994
2 49186  87.2791 320.0412 0018580 218.5989 190.3722 15.09195097  4824
ONEWEB-0303             
1 49187U 21083B   21280.91667824 -.01079775  00000-0 -77432-1 0  9991
2 49187  87.4543 320.2382 0016915 220.5904 241.0262 15.07147788  3611
ONEWEB-0306             
1 49188U 21083C   21280.91667824 -.01092608  00000-0 -73899-1 0  9995
2 49188  87.4576 320.2163 0020264 214.6859  38.5867 15.09249492  4810
ONEWEB-0307             
1 49189U 21083D   21280.91667824 -.01033797  00000-0 -72391-1 0  9996
2 49189  87.2769 320.0479 0016451 212.2297 104.0246 15.07909765  4829
ONEWEB-0320             
1 49190U 21083E   21280.91667824 -.01097910  00000-0 -79669-1 0  9990
2 49190  87.4546 320.2369 0016700 217.5942 208.9019 15.06764389  4808
ONEWEB-0321             
1 49191U 21083F   21280.91667824 -.01020939  00000-0 -67850-1 0  9997
2 49191  87.2814 320.0364 0019388 217.3462 240.9432 15.10180832  4825
ONEWEB-0322             
1 49192U 21083G   21280.91667824 -.01048185  00000-0 -70703-1 0  9992
2 49192  87.2805 320.0404 0017688 220.9894 181.6680 15.09287694  4829
ONEWEB-0324             
1 49193U 21083H   21280.91667824 -.01076181  00000-0 -77196-1 0  9993
2 49193  87.4555 320.2255 0018948 220.5021 285.3800 15.07088054  3617
ONEWEB-0325             
1 49194U 21083J   21281.25001157 -.01177912  00000-0 -87885-1 0  9993
2 49194  87.4516 320.1169 0017218 215.3331 230.8855 15.05939341  4857
ONEWEB-0326             
1 49195U 21083K   21280.91667824 -.01097341  00000-0 -74594-1 0  9995
2 49195  87.4504 320.2097 0020576 211.6959  42.4428 15.09071707  4818
ONEWEB-0327             
1 49196U 21083L   21281.25001157 -.01129721  00000-0 -83878-1 0  9998
2 49196  87.4708 320.1205 0020310 215.7779 309.7250 15.05929576  4865
ONEWEB-0328             
1 49197U 21083M   21280.91667824 -.01045563  00000-0 -71069-1 0  9990
2 49197  87.2792 320.0408 0017012 218.6699 163.0592 15.09015243  4826
ONEWEB-0331             
1 49198U 21083N   21281.25001157 -.01117529  00000-0 -77617-1 0  9997
2 49198  87.3977 320.0845 0020102 219.3368 347.5262 15.08351368  4860
ONEWEB-0333             
1 49199U 21083P   21280.91667824 -.01043072  00000-0 -71884-1 0  9990
2 49199  87.2808 320.0515 0016524 218.2515 144.4599 15.08515624  4822
ONEWEB-0334             
1 49200U 21083Q   21280.91667824 -.01031106  00000-0 -67629-1 0  9990
2 49200  87.2790 320.0216 0019577 208.8541 300.7268 15.10682038  4836
ONEWEB-0335             
1 49201U 21083R   21280.91667824 -.01028819  00000-0 -74996-1 0  9993
2 49201  87.2745 320.0629 0019496 208.5943   2.7796 15.06361152  4828
ONEWEB-0336             
1 49202U 21083S   21280.91667824 -.01035312  00000-0 -74005-1 0  9991
2 49202  87.2750 320.0556 0017495 206.7188  58.1711 15.07139193  4823
ONEWEB-0337             
1 49203U 21083T   21281.25001157 -.01105820  00000-0 -82560-1 0  9998
2 49203  87.2697 319.9404 0019974 208.3755 352.0609 15.05669201  4878
ONEWEB-0338             
1 49204U 21083U   21280.91667824 -.01034763  00000-0 -70405-1 0  9992
2 49204  87.2795 320.0365 0019092 217.4166 208.3834 15.09378059  4825
ONEWEB-0339             
1 49205U 21083V   21280.91667824 -.01044401  00000-0 -73294-1 0  9992
2 49205  87.2765 320.0473 0017324 210.6660  86.2362 15.07840670  4823
ONEWEB-0340             
1 49206U 21083W   21280.91667824 -.01091681  00000-0 -76556-1 0  9999
2 49206  87.4500 320.2236 0017227 220.4001 275.6829 15.07991691  4813
ONEWEB-0341             
1 49207U 21083X   21280.91667824 -.01095932  00000-0 -77422-1 0  9996
2 49207  87.4521 320.2222 0018495 220.7343 298.4610 15.07708261  4812
ONEWEB-0342             
1 49208U 21083Y   21280.91667824 -.01024050  00000-0 -66201-1 0  9993
2 49208  87.2832 320.0297 0019844 205.6918 322.4973 15.11175541  4831
ONEWEB-0343             
1 49209U 21083Z   21280.91667824 -.01094333  00000-0 -73428-1 0  9994
2 49209  87.4092 320.2183 0020397 214.7832  25.9917 15.09540097  4819
ONEWEB-0344             
1 49210U 21083AA  21280.91667824 -.01046208  00000-0 -76273-1 0  9995
2 49210  87.2706 320.0539 0019105 207.8838  14.5045 15.06409984  4821
ONEWEB-0345             
1 49211U 21083AB  21280.91667824 -.01040085  00000-0 -74624-1 0  9991
2 49211  87.2745 320.0571 0018566 208.7014  35.1345 15.06993536  4820
ONEWEB-0346             
1 49212U 21083AC  21280.91667824 -.01094113  00000-0 -78474-1 0  9990
2 49212  87.4552 320.2288 0017803 221.9244 260.2529 15.07161595  4818
ONEWEB-0348             
1 49213U 21083AD  21281.25001157 -.01112762  00000-0 -73131-1 0  9996
2 49213  87.2822 319.9187 0019793 209.3863 299.2274 15.10350706  4881
ONEWEB-0350             
1 49214U 21083AE  21280.91667824 -.01049349  00000-0 -73754-1 0  9999
2 49214  87.2773 320.0504 0016172 214.6036 106.0584 15.07818912  4829
ONEWEB-0351             
1 49215U 21083AF  21280.91667824 -.01019390  00000-0 -64447-1 0  9992
2 49215  87.2822 320.0197 0017444 199.3620  39.6232 15.12011713  4847
ONEWEB-0352             
1 49216U 21083AG  21280.91667824 -.01053174  00000-0 -74623-1 0  9998
2 49216  87.2766 320.0556 0016875 211.6486  86.6641 15.07519986  4822
ONEWEB-0354             
1 49217U 21083AH  21280.91667824 -.01006714  00000-0 -57272-1 0  9998
2 49217  87.3011 320.0266 0018196 201.2135 157.8787 15.15695223  4841
ONEWEB-0355             
1 49218U 21083AJ  21280.91667824 -.01049863  00000-0 -72658-1 0  9996
2 49218  87.2764 320.0396 0016160 217.0450 128.7403 15.08385784  4824
ONEWEB-0357             
1 49219U 21083AK  21280.91667824 -.01033388  00000-0 -68420-1 0  9994
2 49219  87.2802 320.0297 0019042 213.8607 269.2823 15.10361180  4822
