CALSPHERE 1             
1 00900U 64063C   21280.85748581  .00000281  00000-0  29044-3 0  9990
2 00900  90.1700  36.3819 0028538  65.0991  49.6052 13.73596119835988
CALSPHERE 2             
1 00902U 64063E   21280.85818299  .00000022  00000-0  19427-4 0  9994
2 00902  90.1829  39.2879 0019197 155.6709 323.5501 13.52700210624620
LCS 1                   
1 01361U 65034C   21280.67062561  .00000015  00000-0  88309-3 0  9992
2 01361  32.1412 285.4878 0012639  62.5591 297.6190  9.89300131 40199
TEMPSAT 1               
1 01512U 65065E   21280.88708966  .00000039  00000-0  59574-4 0  9992
2 01512  89.9022 220.9054 0070830  21.2520  40.5840 13.33439074731710
CALSPHERE 4A            
1 01520U 65065H   21280.55903389  .00000067  00000-0  11260-3 0  9991
2 01520  90.0047 130.1535 0067955 256.4396 169.8155 13.35854613733899
OPS 5712 (P/L 160)      
1 02826U 67053A   21281.20194648  .00000879  00000-0  24426-3 0  9992
2 02826  69.9275 160.3876 0008130 324.2366  35.8222 14.49692416816662
OPS 5712 (P/L 153)      
1 02874U 67053H   21280.92365843 -.00000015  00000-0  27593-4 0  9992
2 02874  69.9742 186.0318 0010274 263.8433  96.1503 13.96376581767575
SURCAL 150B             
1 02909U 67053J   21281.13246041  .00001279  00000-0  26476-3 0  9993
2 02909  69.9472 161.9821 0004653 340.5543  19.5419 14.62600846827204
RIGIDSPHERE 2 (LCS 4)   
1 05398U 71067E   21280.90111271  .00000238  00000-0  76557-4 0  9998
2 05398  87.6155  92.7025 0064885 136.9767 223.6530 14.34038988628290
COSMOS 2493 (SKRL-756 1)
1 39490U 13078A   21281.26064764  .00000502  00000-0  50834-4 0  9994
2 39490  82.4154 115.7676 0016527 209.5058 150.5228 14.88874751422491
COSMOS 2494 (SKRL-756 2)
1 39491U 13078B   21281.27414629  .00000553  00000-0  54208-4 0  9990
2 39491  82.4152 110.0711 0021698 187.8444 172.2439 14.90276639422770
