SCD 1                   
1 22490U 93009B   21280.60742508  .00000266  00000-0  23441-4 0  9995
2 22490  24.9709 333.3683 0043151  26.4325 104.9654 14.44622681512954
TECHSAT 1B (GO-32)      
1 25397U 98043D   21280.92180902  .00000007  00000-0  22425-4 0  9990
2 25397  98.7810 226.2128 0002297 103.6412 256.5022 14.23717368207497
SCD 2                   
1 25504U 98060A   21281.08902552  .00000281  00000-0  28655-4 0  9995
2 25504  24.9945 183.4774 0017325  43.2972  86.9301 14.44138449212688
LANDSAT 7               
1 25682U 99020A   21281.12208142 -.00000080  00000-0 -80690-5 0  9995
2 25682  98.0198 333.9250 0001373 103.4248 256.7136 14.57203877195808
DLR-TUBSAT              
1 25757U 99029B   21281.24112775 -.00000000  00000-0  11430-4 0  9992
2 25757  98.4576 216.7523 0014752 163.6880 196.4793 14.51452358184790
TERRA                   
1 25994U 99068A   21281.19209753  .00000122  00000-0  36937-4 0  9998
2 25994  98.1670 353.5000 0001318  91.2178 353.7229 14.57134807159881
MAROC-TUBSAT            
1 27004U 01056D   21281.03556456 -.00000040  00000-0  56788-5 0  9997
2 27004  99.5888  56.9319 0019313 221.2613 250.7849 13.70148983991579
AQUA                    
1 27424U 02022A   21281.14137944  .00000203  00000-0  55014-4 0  9996
2 27424  98.2170 220.8854 0000877  37.3934  23.2374 14.57113319 33482
IRS-P6 (RESOURCESAT-1)  
1 28051U 03046A   21281.18411294  .00000006  00000-0  17039-4 0  9993
2 28051  98.4379 353.6671 0059336  48.8506 311.7787 14.34187466934864
SHIYAN 1 (SY-1)         
1 28220U 04012A   21280.90540637  .00001760  00000-0  14396-3 0  9998
2 28220  97.9158 261.9376 0017247 101.9833 258.3325 15.00587048952311
FORMOSAT-2 (ROCSAT 2)   
1 28254U 04018A   21281.05476785  .00000279  00000-0  21476-3 0  9991
2 28254  98.6686 297.4234 0001730  64.6725 356.3893 14.00667513888923
AURA                    
1 28376U 04026A   21280.92947629  .00000179  00000-0  49835-4 0  9999
2 28376  98.2039 222.8328 0001138  84.4033 275.7295 14.57114052916453
IRS-P5 (CARTOSAT-1)     
1 28649U 05017A   21281.16804436  .00000244  00000-0  35627-4 0  9995
2 28649  97.7563 344.2431 0001142  29.9109 330.2170 14.83829838889349
SINAH 1                 
1 28893U 05043D   21281.12672680  .00000065  00000-0  22469-4 0  9996
2 28893  98.0837  44.9825 0014066 241.4513 118.5273 14.61588685850356
EROS B                  
1 29079U 06014A   21281.16589329  .00004778  00000-0  20000-3 0  9996
2 29079  97.4169  40.1456 0008759  82.4701  37.7864 15.24007175857957
RESURS-DK 1             
1 29228U 06021A   21280.77618099  .00000378  00000-0  35522-4 0  9991
2 29228  69.9362  52.6738 0001458  86.1967 273.9360 15.02766008844412
ARIRANG-2 (KOMPSAT-2)   
1 29268U 06031A   21281.20019071  .00000141  00000-0  36635-4 0  9994
2 29268  97.9219 156.0042 0018535  87.1839 273.1484 14.62397873811034
LAPAN-TUBSAT            
1 29709U 07001A   21281.17287120  .00000144  00000-0  24713-4 0  9997
2 29709  97.9260 240.4589 0012978   3.1657 356.9633 14.82312453797138
CARTOSAT-2 (IRS-P7)     
1 29710U 07001B   21280.87978042  .00007650  00000-0  22996-3 0  9994
2 29710  97.8708   8.4711 0167225 217.1760 141.7803 15.22018507797747
HAIYANG-1B              
1 31113U 07010A   21280.94057529  .00000001  00000-0  16620-4 0  9991
2 31113  98.3482 311.6604 0012807 237.6265 122.3679 14.30279121755675
COSMO-SKYMED 1          
1 31598U 07023A   21281.25000332 -.00001525  00000-0 -18506-3 0  9995
2 31598  97.8917 103.5625 0001338 101.9056 258.2233 14.82144365775606
TERRASAR-X              
1 31698U 07026A   21280.04111365 -.00000087  00000-0 -96225-6 0  9993
2 31698  97.4461 286.2718 0001802  71.3381 317.6804 15.19147735793650
WORLDVIEW-1 (WV-1)      
1 32060U 07041A   21280.90407797  .00002248  00000-0  94673-4 0  9998
2 32060  97.3852  38.8428 0000945 234.9248 125.1901 15.24382085782004
YAOGAN 3                
1 32289U 07055A   21281.28936373  .00000319  00000-0  47869-4 0  9997
2 32289  97.9686 299.9841 0000943  96.3021 263.8310 14.81123430751711
COSMO-SKYMED 2          
1 32376U 07059A   21281.21625940  .00000284  00000-0  42267-4 0  9994
2 32376  97.8915 103.5366 0001441  87.0334 273.1025 14.82149935748343
RADARSAT-2              
1 32382U 07061A   21281.30271015  .00000024  00000-0  26098-4 0  9990
2 32382  98.5775 286.9138 0001155  92.7364 323.9373 14.29984749721266
CARTOSAT-2A             
1 32783U 08021A   21281.21211542  .00000404  00000-0  62342-4 0  9995
2 32783  97.9944 338.6008 0011328 260.3092  99.6852 14.78629290725744
HUANJING 1A (HJ-1A)     
1 33320U 08041A   21281.19320265  .00000115  00000-0  22966-4 0  9992
2 33320  97.7127 320.6500 0020584 335.6676  24.3569 14.77681975705137
HUANJING 1B (HJ-1B)     
1 33321U 08041B   21281.17438560  .00000322  00000-0  51805-4 0  9993
2 33321  97.7327 323.6800 0034696 352.2354   7.8327 14.77433019705135
GEOEYE 1                
1 33331U 08042A   21281.16724592  .00000078  00000-0  23823-4 0  9994
2 33331  98.1412 354.4323 0008609 357.3381   2.7799 14.64360318699449
THEOS                   
1 33396U 08049A   21281.25758698  .00000043  00000-0  40385-4 0  9990
2 33396  98.6803 346.7588 0001115 109.1412 340.0375 14.20052782674872
COSMO-SKYMED 3          
1 33412U 08054A   21281.26686245 -.00001039  00000-0 -12403-3 0  9991
2 33412  97.8917 103.5786 0001454  85.2924 274.8410 14.82148604700810
YAOGAN 4                
1 33446U 08061A   21280.86175308  .00000159  00000-0  29506-4 0  9997
2 33446  97.7854 224.1641 0015129 229.3536 130.6360 14.77151203692300
GOSAT (IBUKI)           
1 33492U 09002A   21280.86762923  .00000186  00000-0  41322-4 0  9999
2 33492  98.0975  31.2606 0001360  81.1251 279.0107 14.67534270680635
YAOGAN 6                
1 34839U 09021A   21281.21797458  .00001668  00000-0  63341-4 0  9998
2 34839  97.0582 269.1055 0028922 116.0069 244.4155 15.27765770692722
DEIMOS-1                
1 35681U 09041A   21281.20076943  .00000118  00000-0  26202-4 0  9998
2 35681  97.7418 139.7932 0001338  18.6824 341.4414 14.71918449654665
DUBAISAT-1              
1 35682U 09041B   21281.01130589  .00000098  00000-0  24610-4 0  9993
2 35682  97.7713  81.0647 0011948 151.9534 208.2307 14.68925633653224
OCEANSAT-2              
1 35931U 09051A   21281.17055879  .00000331  00000-0  95236-4 0  9998
2 35931  98.2954  15.6246 0001074  11.6416 348.4829 14.50828902637682
WORLDVIEW-2 (WV-2)      
1 35946U 09055A   21281.19144573  .00000011  00000-0  18149-4 0  9993
2 35946  98.4773 354.2707 0001943  63.1686 296.9710 14.37675808629664
SMOS                    
1 36036U 09059A   21280.55159780  .00000056  00000-0  31735-4 0  9998
2 36036  98.4442 106.7212 0001219  81.2125 278.9201 14.39757937627012
YAOGAN 7                
1 36110U 09069A   21281.14257764  .00000125  00000-0  26160-4 0  9992
2 36110  98.2238 132.1260 0025272 127.0051 233.3470 14.75518381636936
TANDEM-X                
1 36605U 10030A   21281.10590649  .00000818  00000-0  42147-4 0  9991
2 36605  97.4457 287.3231 0001740  72.1113  16.5219 15.19155627626551
CARTOSAT-2B             
1 36795U 10035A   21281.18285933  .00000134  00000-0  25485-4 0  9998
2 36795  97.9895 338.8185 0013491 345.0607  15.0217 14.78640716606785
YAOGAN 10               
1 36834U 10038A   21281.21763302  .00000157  00000-0  26999-4 0  9996
2 36834  97.9818 288.2082 0001126  87.2248 272.9093 14.81079504603447
COSMO-SKYMED 4          
1 37216U 10060A   21281.16139926 -.00001398  00000-0 -16916-3 0  9996
2 37216  97.8922 103.4729 0001429  91.3495 268.7775 14.82137182590880
RESOURCESAT-2           
1 37387U 11015A   21281.16659692 -.00021160  00000-0 -96514-2 0  9993
2 37387  98.6925 352.8914 0005377  86.9098 273.1688 14.21645478543316
HAIYANG-2A              
1 37781U 11043A   21281.04281340 -.00000029  00000-0  14771-4 0  9997
2 37781  99.3183 286.3108 0001352 119.4770 240.6517 13.78724011510857
RASAT                   
1 37791U 11044D   21281.19385106  .00000112  00000-0  29979-4 0  9998
2 37791  98.1035  13.0788 0021316 202.3842 157.6440 14.64858220542183
MEGHA-TROPIQUES         
1 37838U 11058A   21280.66143105  .00000344  00000-0  45038-4 0  9998
2 37838  19.9791  12.5467 0010789  31.6212 328.4839 14.09795974448066
SRMSAT                  
1 37841U 11058D   21280.52934328  .00000326  00000-0  34013-4 0  9993
2 37841  19.9733 343.6816 0012048  84.8077 303.4370 14.10706128515705
YAOGAN 13               
1 37941U 11072A   21281.13532245  .00001682  00000-0  83297-4 0  9994
2 37941  97.5979 223.8434 0001892 143.2879 312.0538 15.19197135546472
PLEIADES 1A             
1 38012U 11076F   21281.20114225  .00000007  00000-0  11369-4 0  9991
2 38012  98.1924 354.9327 0001569  86.9220 273.2166 14.58560199522307
ZIYUAN 1-02C (ZY 1-02C) 
1 38038U 11079A   21281.14800996  .00000065  00000-0  38278-4 0  9994
2 38038  98.6269 341.4484 0006096 297.0609  62.9964 14.35285488513290
ZIYUAN 3-1 (ZY 3-1)     
1 38046U 12001A   21281.19188940  .00001778  00000-0  82455-4 0  9990
2 38046  97.3724 352.9149 0001419 358.0995  86.8811 15.21331171541256
ARIRANG-3 (KOMPSAT-3)   
1 38338U 12025B   21281.13546948  .00000133  00000-0  36071-4 0  9997
2 38338  98.1494 219.2558 0012254  84.4765 275.7833 14.61740317501119
KANOPUS-V 1             
1 38707U 12039A   21281.18942285  .00002054  00000-0  98572-4 0  9999
2 38707  97.4605 200.5225 0001644  79.2065  54.8571 15.20006089511051
EXACTVIEW-1 (ADS-1B)    
1 38709U 12039C   21281.11190286  .00000010  00000-0  24822-4 0  9997
2 38709  99.0475 335.8724 0011893  66.1697 294.0726 14.24060783478826
SPOT 6                  
1 38755U 12047A   21281.14837458  .00000012  00000-0  12380-4 0  9997
2 38755  98.1911 347.3264 0001169 104.0775 256.0583 14.58558144483378
PLEIADES 1B             
1 39019U 12068A   21281.16701016  .00000019  00000-0  13957-4 0  9994
2 39019  98.1874 354.9084 0001401  76.7634 283.3735 14.58557311471152
GOKTURK 2               
1 39030U 12073A   21281.19469488  .00000099  00000-0  22930-4 0  9999
2 39030  97.8862 162.9518 0002747  68.1950 291.9553 14.72840024472221
LANDSAT 8               
1 39084U 13008A   21281.20153264  .00000100  00000-0  32194-4 0  9997
2 39084  98.2147 350.2234 0001226 105.1629 254.9705 14.57107133460263
SARAL                   
1 39086U 13009A   21281.22952947 -.00000003  00000-0  15076-4 0  9990
2 39086  98.5475 105.6023 0000394  42.4138 317.7076 14.32062845450387
GAOFEN 1                
1 39150U 13018A   21281.20817248  .00000122  00000-0  24553-4 0  9995
2 39150  97.8220 350.5418 0019288  19.2300 340.9641 14.76574642455510
VNREDSAT 1              
1 39160U 13021B   21281.19668090  .00000155  00000-0  39301-4 0  9990
2 39160  98.1059 356.5017 0001451  98.2034 261.9353 14.62930203449733
ARIRANG-5 (KOMPSAT-5)   
1 39227U 13042A   21281.13205447  .00000022  00000-0  58927-5 0  9993
2 39227  97.6296 105.0083 0001610  97.8095  34.8024 15.04505913446342
SKYSAT-A                
1 39418U 13066C   21280.79745976  .00000305  00000-0  29703-4 0  9991
2 39418  97.5818 354.7578 0021258  32.1451 328.1063 14.99246052430796
DUBAISAT-2              
1 39419U 13066D   21281.18094494  .00000035  00000-0  82849-5 0  9999
2 39419  97.4805 320.5447 0015025  48.6685 311.5849 14.94402990429510
GPM-CORE                
1 39574U 14009C   21281.29571015  .00007202  00000-0  10935-3 0  9998
2 39574  65.0055 326.3192 0010725 278.4664  81.5266 15.55347502432384
SENTINEL-1A             
1 39634U 14016A   21281.17907484 -.00000008  00000-0  80023-5 0  9998
2 39634  98.1822 287.3519 0001224  78.7766 281.3573 14.59198823400230
KAZEOSAT 1              
1 39731U 14024A   21281.18831822  .00000015  00000-0  18212-4 0  9995
2 39731  98.4937 353.4264 0001017  81.3474 278.7837 14.41975374391738
ALOS-2                  
1 39766U 14029A   21281.26959974 -.00000060  00000-0 -11247-5 0  9990
2 39766  97.9225  17.0166 0001323  89.2164 270.9204 14.79470976398342
KAZEOSAT 2              
1 40010U 14033A   21281.21118441  .00000126  00000-0  22250-4 0  9996
2 40010  97.7503 169.7684 0015501 178.1519 181.9768 14.82093116395083
HODOYOSHI-4             
1 40011U 14033B   21281.18443950  .00000245  00000-0  37766-4 0  9999
2 40011  97.7105 159.3351 0026437 179.5734 180.5511 14.81363929394746
DEIMOS-2                
1 40013U 14033D   21281.17091802  .00000423  00000-0  55807-4 0  9999
2 40013  97.7773 179.4661 0000735 124.1665 235.9634 14.84901801395751
HODOYOSHI-3             
1 40015U 14033F   21280.87860259  .00000150  00000-0  27079-4 0  9994
2 40015  97.6707 142.0421 0036253 204.1222 155.8294 14.78699077393988
SPOT 7                  
1 40053U 14034A   21281.18244648  .00000003  00000-0  10601-4 0  9990
2 40053  98.2071 347.3218 0000982  88.8325 271.2996 14.58549902387317
SKYSAT-B                
1 40072U 14037D   21281.11697948  .00000175  00000-0  29819-4 0  9993
2 40072  98.4409 131.6452 0007408  51.6778 308.5098 14.81461289391969
WORLDVIEW-3 (WV-3)      
1 40115U 14048A   21281.18674711  .00000231  00000-0  33260-4 0  9991
2 40115  97.8364 354.3422 0001906 147.8779 212.2577 14.85086126387704
GAOFEN 2                
1 40118U 14049A   21281.17114571  .00000236  00000-0  37267-4 0  9993
2 40118  97.7948 352.2933 0008844  60.8147 299.3969 14.80693507385766
YAOGAN 21               
1 40143U 14053A   21281.20748532  .00002088  00000-0  89895-4 0  9991
2 40143  97.3852 348.1082 0016736  31.7998  29.7548 15.23611264394141
YAOGAN 22               
1 40275U 14063A   21281.29114409 -.00000027  00000-0  47166-4 0  9994
2 40275 100.5430  37.7678 0006882  98.5431 261.6472 13.15431443334596
ASNARO                  
1 40298U 14070A   21281.21362350  .00002642  00000-0  12752-3 0  9995
2 40298  97.4897   0.7103 0001826  83.9766 300.7542 15.19546938383899
HODOYOSHI-1             
1 40299U 14070B   21281.17188787  .00001780  00000-0  74028-4 0  9998
2 40299  97.2769 351.6615 0011622 315.8850 128.0539 15.25006200384593
QSAT-EOS                
1 40301U 14070D   21281.16400128  .00005034  00000-0  17718-3 0  9995
2 40301  97.2444 349.9242 0022069 293.7535 150.0662 15.29543027384885
YAOGAN 23               
1 40305U 14071A   21281.17847402  .00002437  00000-0  11913-3 0  9996
2 40305  97.5715 225.9914 0001185  68.5496  39.3862 15.19201844382237
YAOGAN 24               
1 40310U 14072A   21281.16801060  .00000151  00000-0  29195-4 0  9995
2 40310  97.9500  40.1734 0019422  14.0820 346.0930 14.76238966371011
CBERS 4                 
1 40336U 14079A   21281.22163595 -.00000008  00000-0  12360-4 0  9999
2 40336  98.5135 353.8535 0001677 101.7288 258.4095 14.35435320358222
RESURS P2               
1 40360U 14087A   21281.19539123  .00001914  00000-0  59411-4 0  9999
2 40360  97.2243   6.3567 0007798 275.7630 137.9125 15.34572974379554
YAOGAN 26               
1 40362U 14088A   21281.18813998  .00002284  00000-0  97836-4 0  9990
2 40362  97.1883 337.1393 0006764 233.8445 157.9558 15.23727583377611
SMAP                    
1 40376U 15003A   21280.92533194  .00000096  00000-0  27705-4 0  9998
2 40376  98.1262 286.4487 0000861  84.8644 275.2656 14.63363223357054
KOMPSAT-3A              
1 40536U 15014A   21281.16005944  .00001313  00000-0  79741-4 0  9992
2 40536  97.5420 221.4648 0001371 334.1017 133.6021 15.12228159360916
SENTINEL-2A             
1 40697U 15028A   21281.16561555  .00000021  00000-0  24738-4 0  9991
2 40697  98.5705 354.5469 0001133  89.3304 270.8021 14.30816318328775
GAOFEN 8                
1 40701U 15030A   21281.16765252  .00002929  00000-0  12594-3 0  9995
2 40701  97.5294  49.3933 0004971 276.5807 207.6861 15.23457339349971
CARBONITE 1 (CBNT-1)    
1 40718U 15032D   21281.20242464  .00000306  00000-0  52620-4 0  9997
2 40718  97.7699 151.0425 0017945 107.8453 252.4719 14.75023552336232
YAOGAN 27               
1 40878U 15040A   21281.28392747 -.00000020  00000-0  58662-4 0  9997
2 40878 100.1677 318.4009 0008388 201.2589 158.8180 13.15969716293867
GAOFEN 9-01             
1 40894U 15047A   21281.19859214  .00000159  00000-0  30138-4 0  9999
2 40894  97.8483 354.1737 0031960 307.3818  52.4491 14.76329954326966
LAPAN-A2                
1 40931U 15052B   21281.06468090  .00000772  00000-0  18417-4 0  9998
2 40931   5.9925 169.2772 0012194 198.9459 161.0424 14.76693780325970
YAOGAN 28               
1 41026U 15064A   21281.17339328  .00002182  00000-0  94417-4 0  9991
2 41026  97.5197  57.8351 0001744  98.1600  19.2944 15.23515806329821
YAOGAN 29               
1 41038U 15069A   21281.20712362  .00000091  00000-0  18832-4 0  9990
2 41038  98.0455 275.4799 0001911 105.9805 254.1620 14.80529305316964
KENT RIDGE 1            
1 41167U 15077B   21281.16172622  .00001368  00000-0  42987-4 0  9992
2 41167  14.9832 246.6973 0011247 127.6678 334.6131 15.09439384321066
TELEOS 1                
1 41169U 15077D   21281.24934585  .00002350  00000-0  96735-4 0  9999
2 41169  14.9811 222.0759 0010076 171.1584 188.8935 15.11294955321296
GAOFEN 4                
1 41194U 15083A   21281.23809558 -.00000336  00000-0  00000+0 0  9992
2 41194   0.0553 301.6071 0003804 279.3557 347.5430  1.00268613 21315
JASON-3                 
1 41240U 16002A   21280.94303312 -.00000072  00000-0 -45929-4 0  9992
2 41240  66.0391  93.3713 0007499 267.6986  92.3170 12.80930717267574
SENTINEL-3A             
1 41335U 16011A   21281.22421698  .00000022  00000-0  27070-4 0  9997
2 41335  98.6292 347.1395 0000950 112.4782 247.6499 14.26736370293807
SENTINEL-1B             
1 41456U 16025A   21281.21287514  .00000178  00000-0  47399-4 0  9990
2 41456  98.1819 287.2110 0001274  79.8565 280.2795 14.59200703290402
ZIYUAN 3-2 (ZY 3-2)     
1 41556U 16033A   21281.15189566  .00001747  00000-0  80831-4 0  9992
2 41556  97.3168 350.3262 0003321 123.1662 320.5329 15.21426186297545
NUSAT-1 (FRESCO)        
1 41557U 16033B   21281.29948297  .00004365  00000-0  15230-3 0  9991
2 41557  97.3939  14.6471 0012505 187.8944 259.1563 15.30074124298783
NUSAT-2 (BATATA)        
1 41558U 16033C   21281.20599152  .00004556  00000-0  14890-3 0  9998
2 41558  97.4067  18.9092 0011528 180.2223 238.0141 15.32186954298981
CARTOSAT-2C             
1 41599U 16040A   21281.14672819  .00001268  00000-0  63183-4 0  9993
2 41599  97.3879 338.1391 0013633 349.1879  94.9722 15.19286999293622
SKYSAT-C1               
1 41601U 16040C   21281.21488271  .00004320  00000-0  11062-3 0  9992
2 41601  97.1835 356.6285 0001212 126.3547 233.7811 15.39924029295179
LAPAN-A3                
1 41603U 16040E   21281.15717557  .00000513  00000-0  26765-4 0  9996
2 41603  97.2446 323.7398 0012600 333.9536 111.4551 15.20119830293703
BIROS                   
1 41604U 16040F   21280.70711179  .00001397  00000-0  62582-4 0  9999
2 41604  97.2502 329.3491 0010685 310.7480  49.2828 15.22816403293982
GAOFEN 3                
1 41727U 16049A   21281.21004250  .00000001  00000-0  13623-4 0  9999
2 41727  98.4123 288.1142 0001278  49.7068 310.4240 14.42214459271738
SKYSAT-C4               
1 41771U 16058B   21281.17656234  .00004166  00000-0  10751-3 0  9992
2 41771  97.1555 347.5726 0002000 101.1267 259.0204 15.39699140282122
SKYSAT-C5               
1 41772U 16058C   21281.23448412  .00001712  00000-0  71836-4 0  9993
2 41772  97.3019 346.4446 0001855  84.4026 275.7423 15.24809289281320
SKYSAT-C2               
1 41773U 16058D   21280.75630793  .00004153  00000-0  10685-3 0  9991
2 41773  97.1565 347.5302 0002507  85.2283 274.9249 15.39794863282085
SKYSAT-C3               
1 41774U 16058E   21280.77421972  .00004237  00000-0  10930-3 0  9997
2 41774  97.1559 347.4776 0002008  99.1111 261.0363 15.39705305282079
ALSAT 1B                
1 41785U 16059C   21281.14879927  .00064400  00000-0  12041-1 0  9990
2 41785  97.9448 327.7256 0026465 245.3899 114.6234 14.64307634268761
PATHFINDER 1            
1 41787U 16059E   21281.13660251  .00000143  00000-0  36276-4 0  9992
2 41787  97.9530 329.3328 0029159 243.9910 115.8310 14.63844334268821
SCATSAT 1               
1 41790U 16059H   21281.12582332  .00000057  00000-0  25881-4 0  9992
2 41790  98.3586 322.3455 0004055 255.9623 104.1137 14.50828387266481
WORLDVIEW-4             
1 41848U 16067A   21281.19445231  .00122819  78769-5  40540-3 0  9999
2 41848  97.8005  86.0275 0006286 143.2688 216.9015 15.90452859271437
GOKTURK 1A              
1 41875U 16073A   21281.20635808  .00000097  00000-0  28137-4 0  9999
2 41875  98.1537 174.4326 0001428  73.2791 286.8574 14.62764954258408
RESOURCESAT-2A          
1 41877U 16074A   21281.20518775  .00000004  00000-0  22144-4 0  9995
2 41877  98.7469 354.1646 0001434  25.1084 335.0167 14.21617575250925
CARTOSAT-2D             
1 41948U 17008A   21280.90561101  .00001147  00000-0  57560-4 0  9998
2 41948  97.4303 339.4975 0008264 123.8225 236.3764 15.19275746257458
SENTINEL-2B             
1 42063U 17013A   21281.20052488  .00000008  00000-0  19850-4 0  9995
2 42063  98.5706 354.5610 0000888 100.5081 259.6209 14.30815193239692
ZHUHAI-1 02 (CAS-4B)    
1 42759U 17034B   21281.25851631  .00001258  00000-0  88416-4 0  9994
2 42759  43.0181 280.8375 0007114 156.9301 318.9098 15.10422665238202
NUSAT-3 (MILANESAT)     
1 42760U 17034C   21281.18236310  .00001433  00000-0  97314-4 0  9991
2 42760  43.0162 277.5921 0007379 183.5990 273.0564 15.11033379238240
ZHUHAI-1 01 (CAS-4A)    
1 42761U 17034D   21281.24217529  .00001143  00000-0  81400-4 0  9997
2 42761  43.0181 279.8988 0007507 157.5423 314.1493 15.10508579238207
CARTOSAT-2E             
1 42767U 17036C   21281.19608792  .00001306  00000-0  65192-4 0  9996
2 42767  97.4927 339.4075 0008866 167.8870 256.9835 15.19243112238068
FORMOSAT-5              
1 42920U 17049A   21280.81994111  .00000000  00000-0  11128-4 0  9992
2 42920  98.2647 358.2749 0009734 311.2714  48.7635 14.50870134218237
SENTINEL-5P             
1 42969U 17064A   21280.85554089  .00000000  00000-0  20951-4 0  9996
2 42969  98.7445 219.2928 0000988  82.7011 277.4277 14.19538745206489
SKYSAT-C11              
1 42987U 17068A   21280.90281279  .00005544  00000-0  13827-3 0  9995
2 42987  97.2713  36.1430 0010582 121.5805 238.6476 15.40559641219521
SKYSAT-C10              
1 42988U 17068B   21281.27522583  .00005095  00000-0  12717-3 0  9991
2 42988  97.2754  36.5667 0003249 152.6329 207.5089 15.40623255219608
SKYSAT-C9               
1 42989U 17068C   21280.88156446  .00005119  00000-0  12847-3 0  9990
2 42989  97.2706  35.4957 0002008  63.5960 296.5492 15.40456669219732
SKYSAT-C8               
1 42990U 17068D   21280.86926774  .00005392  00000-0  13461-3 0  9995
2 42990  97.2759  36.5473 0002269 110.8400 249.3090 15.40594175219567
SKYSAT-C7               
1 42991U 17068E   21281.11484421  .00005500  00000-0  13698-3 0  9996
2 42991  97.2765  36.8286 0000756 135.0497 225.0811 15.40659990219608
SKYSAT-C6               
1 42992U 17068F   21280.90834632  .00005229  00000-0  13025-3 0  9998
2 42992  97.2783  36.9411 0001978  55.7413 304.4020 15.40678764219584
CARTOSAT-2F             
1 43111U 18004A   21281.23269444  .00001244  00000-0  62257-4 0  9998
2 43111  97.4878 339.5420 0004509 172.3537 273.3036 15.19263583207250
NUSAT-4 (ADA)           
1 43195U 18015D   21281.24705022  .00003997  00000-0  15615-3 0  9992
2 43195  97.5014  55.1132 0015697 213.1930 198.7918 15.26365466204726
NUSAT-5 (MARYAM)        
1 43204U 18015K   21281.24084962  .00004200  00000-0  16270-3 0  9992
2 43204  97.5024  55.5327 0015140 214.5249 263.8743 15.26625857204340
GAOFEN 1-02             
1 43259U 18031A   21281.21952544  .00000301  00000-0  50372-4 0  9997
2 43259  97.9261 357.8951 0005188  99.1413 261.0414 14.76523588189922
GAOFEN 1-03             
1 43260U 18031B   21281.19794521  .00000201  00000-0  36086-4 0  9990
2 43260  97.9260 357.8561 0005777 157.7345 202.4137 14.76518404189910
GAOFEN 1-04             
1 43262U 18031D   21281.17318275  .00000194  00000-0  35097-4 0  9990
2 43262  97.9267 357.8449 0005586 115.6899 244.4908 14.76518482189906
SENTINEL-3B             
1 43437U 18039A   21280.77607191  .00000030  00000-0  30210-4 0  9996
2 43437  98.6186 346.6682 0000775 111.8179 248.3084 14.26739869179802
GAOFEN 5                
1 43461U 18043A   21281.19815386  .00000103  00000-0  32628-4 0  9998
2 43461  98.2385 218.5915 0002389  24.7875 335.3438 14.57844930181904
GAOFEN 6                
1 43484U 18048A   21281.20247287  .00000173  00000-0  32128-4 0  9991
2 43484  97.9522   0.7467 0008346 303.1557  56.8885 14.76518027180615
GAOFEN 11-1             
1 43585U 18063A   21281.21153227  .00001841  00000-0  79844-4 0  9990
2 43585  97.3469 358.0602 0012914 343.5620  38.6990 15.23549714177987
AEOLUS                  
1 43600U 18066A   21281.00422000 -.00373494  00000-0 -15595-2 0  9995
2 43600  96.7035 286.0649 0008235 110.0924 305.8586 15.86369998181093
ICESAT-2                
1 43613U 18070A   21280.83453712  .00003803  00000-0  13800-3 0  9998
2 43613  92.0054 190.0655 0002448  87.9162 272.2368 15.28285944170798
HYSIS                   
1 43719U 18096A   21281.16302370  .00000297  00000-0  47636-4 0  9992
2 43719  97.9933 344.5439 0000901 317.3109  42.8041 14.78627632154265
KAZSTSAT                
1 43783U 18099AB  21281.17240404 -.00000046  00000-0  93940-6 0  9990
2 43783  97.6652 348.2793 0009036  40.3194 319.8695 14.93702416155141
SAUDISAT 5A             
1 43831U 18102A   21281.25867506  .00000166  00000-0  14664-4 0  9992
2 43831  97.5268 354.8888 0013341 329.1386 115.2343 15.08415936156155
SAUDISAT 5B             
1 43833U 18102C   21281.21848991  .00001021  00000-0  68719-4 0  9998
2 43833  97.5282 355.5653 0014562 334.6845  84.7702 15.08858031156187
GAOFEN 10R              
1 44622U 19066A   21281.16938182  .00000326  00000-0  49241-4 0  9997
2 44622  97.8624 219.8359 0001716  91.6285 268.5124 14.80598168108679
CARTOSAT-3              
1 44804U 19081A   21281.18354225  .00001032  00000-0  52088-4 0  9996
2 44804  97.4356 342.3557 0013939  23.9800  61.8307 15.19258908103335
GAOFEN 12-1             
1 44819U 19082A   21281.20013667  .00000072  00000-0  16234-4 0  9994
2 44819  97.8821 301.4797 0000904  99.6741 260.4580 14.80282251100620
NUSAT-7 (SOPHIE)        
1 45017U 20003B   21281.20196420  .00003780  00000-0  12875-3 0  9994
2 45017  97.2538 343.7527 0013516 175.1837 269.9998 15.30917729 96597
NUSAT-8 (MARIE)         
1 45018U 20003C   21281.24065102  .00004434  00000-0  14141-3 0  9996
2 45018  97.2663 344.1919 0012300 177.0509 226.2865 15.32962341 96584
NUSAT-6 (HYPATIA)       
1 46272U 20061A   21280.94560358  .00002366  00000-0  10514-3 0  9994
2 46272  97.3602 352.3492 0005873 235.4566 124.6116 15.22476588 60782
NEMO-HD                 
1 46277U 20061F   21281.20374700  .00000891  00000-0  49102-4 0  9990
2 46277  97.4233 352.6320 0001682  35.0300  22.2899 15.16518748 60627
NUSAT-12 (DOROTHY)      
1 46827U 20079A   21281.23397787  .00004835  00000-0  15658-3 0  9993
2 46827  97.2317 351.9647 0010710 122.1523 323.4083 15.32433693 51433
NUSAT-9 (ALICE)         
1 46828U 20079B   21281.22998466  .00004644  00000-0  14843-3 0  9997
2 46828  97.2178 351.8998 0004165 144.5759 246.5804 15.32917531 51460
NUSAT-11 (CORA)         
1 46829U 20079C   21281.25049619  .00004685  00000-0  14947-3 0  9998
2 46829  97.2243 351.9924 0008826 134.6170 310.0981 15.32950759 51450
NUSAT-15 (KATHERINE)    
1 46830U 20079D   21281.23049917  .00004605  00000-0  14715-3 0  9994
2 46830  97.2380 352.6537 0006040 107.7981 337.5718 15.32923995 51464
NUSAT-14 (HEDY)         
1 46831U 20079E   21280.98570693  .00091298  00000-0  28119-2 0  9992
2 46831  97.2347 352.1087 0009133 121.1572 357.0884 15.33231424 51411
NUSAT-10 (CAROLINE)     
1 46832U 20079F   21281.19144874  .00004403  00000-0  14031-3 0  9996
2 46832  97.2352 352.2874 0010187 131.4617 313.1560 15.33009554 51442
NUSAT-13 (EMMY)         
1 46833U 20079G   21281.23219531  .00004340  00000-0  13852-3 0  9995
2 46833  97.2345 352.3853 0009605 132.6523 312.7186 15.32971774 51456
NUSAT-17 (MARY)         
1 46835U 20079J   21281.21164220  .00004366  00000-0  14074-3 0  9994
2 46835  97.2347 352.2481 0009693 145.0899 275.3679 15.32651189 51442
NUSAT-18 (VERA)         
1 46836U 20079K   21281.26156311  .00004548  00000-0  14500-3 0  9998
2 46836  97.2355 352.5058 0010174 151.6808 293.6040 15.32974776 51461
NUSAT-16 (LISE)         
1 46840U 20079P   21281.27529388  .00004055  00000-0  12965-3 0  9998
2 46840  97.2368 352.5183 0007737 146.7500 254.1168 15.32966925 51464
SENTINEL-6              
1 46984U 20086A   21280.63107019 -.00000061  00000-0  00000-0 0  9995
2 46984  66.0409  94.1485 0007637 264.4704  95.5442 12.80930360 40981
GAOFEN 12-2             
1 48079U 21026A   21281.23450685  .00000124  00000-0  23030-4 0  9995
2 48079  97.8744 271.3481 0002090  64.0201 296.1226 14.80288310 28316
NUSAT-19 (ROSALIND)     
1 48905U 21059AC  21281.19782491  .00002193  00000-0  11440-3 0  9996
2 48905  97.4778  48.4992 0009483 227.0792 254.5805 15.16976286 15803
NUSAT-22 (SOFYA)        
1 48919U 21059AS  21281.17441064  .00004185  00000-0  15530-3 0  9994
2 48919  97.3832  48.7099 0016897 221.5389 261.1458 15.28016422 15849
NUSAT-21 (ELISA)        
1 48920U 21059AT  21281.34551497  .00004227  00000-0  15529-3 0  9992
2 48920  97.3687  48.8050 0017473 228.0923 157.1759 15.28335242 15879
NUSAT-20 (GRACE)        
1 48921U 21059AU  21281.24180674  .00003789  00000-0  14538-3 0  9998
2 48921  97.3915  48.7768 0014706 248.6699 155.5643 15.27000890 15852
LANDSAT 9               
1 49260U 21088A   21281.39524406  .00000435  00000-0  91795-4 0  9994
2 49260  98.2188 349.9999 0011293 252.0373 107.9600 14.64253