SARSAT 7 (NOAA 15)      
1 25338U 98030A   21281.25954777  .00000039  00000-0  34932-4 0  9998
2 25338  98.6744 308.7327 0009548 316.6825  43.3603 14.26061905217326
METEOSAT-8 (MSG-1)      
1 27509U 02040B   21280.60654743  .00000139  00000-0  00000-0 0  9990
2 27509   7.5719  51.9123 0001129 171.7688  52.5585  1.00270975 70071
GPS BIIR-08             
1 27663U 03005A   21280.73129912  .00000009  00000-0  00000-0 0  9998
2 27663  55.6930 283.0891 0121277  38.0522 134.9296  2.00552506136947
GPS BIIR-11             
1 28190U 04009A   21280.28222507 -.00000058  00000-0  00000-0 0  9998
2 28190  56.1361 344.0218 0088511 112.5723 257.2397  2.00565964128575
GPS BIIR-13             
1 28474U 04045A   21280.40469998 -.00000065  00000-0  00000-0 0  9992
2 28474  55.2486  33.6149 0205838 274.5483  94.6574  2.00552363124066
SARSAT 10 (NOAA 18)     
1 28654U 05018A   21281.20623542  .00000102  00000-0  79281-4 0  9991
2 28654  98.9830 346.4596 0013565 327.1992  32.8337 14.12644577844456
GPS BIIR-14M            
1 28874U 05038A   21279.73543906 -.00000053  00000-0  00000-0 0  9992
2 28874  56.2139 341.4642 0138730 271.1179  87.4156  2.00563700117442
METEOSAT-9 (MSG-2)      
1 28912U 05049B   21280.67383508  .00000020  00000-0  00000-0 0  9995
2 28912   5.4523  67.7923 0000906  31.5526 163.1414  1.00274379 57852
GOES 13                 
1 29155U 06018A   21280.90077672  .00000034  00000-0  00000-0 0  9995
2 29155   0.1534 113.9927 0006877  98.4412 190.3332  1.00269022 26196
SARSAT 11 (METOP-A)     
1 29499U 06044A   21281.30340459  .00000022  00000-0  29319-4 0  9991
2 29499  98.4617 316.0098 0000880  66.6233   2.2524 14.21512630776773
GPS BIIR-16M            
1 29601U 06052A   21279.80464165  .00000012  00000-0  00000+0 0  9998
2 29601  55.6929 282.0549 0080308  69.9489 290.9295  2.00564014109075
GPS BIIR-17M            
1 32260U 07047A   21280.10748668  .00000057  00000-0  00000-0 0  9996
2 32260  53.2514 151.0436 0135540  58.9000 302.5296  2.00561561102438
GPS BIIR-18M            
1 32384U 07062A   21280.42142575 -.00000056  00000-0  00000-0 0  9990
2 32384  56.3245 342.1668 0017565 140.7548 215.9434  2.00576019101134
SARSAT 12 (NOAA 19)     
1 33591U 09005A   21281.25115978  .00000037  00000-0  45436-4 0  9993
2 33591  99.1781 304.7236 0014083 172.4214 187.7172 14.12499431652846
GOES 14                 
1 35491U 09033A   21280.86772105 -.00000095  00000-0  00000-0 0  9991
2 35491   0.3377 281.2506 0015544 292.6061  11.0374  1.00271086 44934
GOES 15                 
1 36411U 10008A   21280.64766965  .00000053  00000-0  00000-0 0  9994
2 36411   0.3678 275.6920 0000906 232.1334 333.9433  1.00262356 42497
GLONASS-K 1             
1 37372U 11009A   21281.13300209 -.00000057  00000-0  00000+0 0  9997
2 37372  65.9457  11.8032 0016729 226.4165  77.2077  2.13062378 82581
GPS BIIF-2              
1 37753U 11036A   21280.22555576 -.00000057  00000-0  00000-0 0  9999
2 37753  56.4808  38.5802 0108946  50.2464 311.6185  2.00563741 74906
GSAT0101 (GALILEO-PFM)  
1 37846U 11060A   21280.43265678 -.00000073  00000-0  00000+0 0  9990
2 37846  56.8935  28.2284 0000719  48.0729 311.9409  1.70474981 62038
GSAT0102 (GALILEO-FM2)  
1 37847U 11060B   21280.35822081 -.00000073  00000-0  00000-0 0  9990
2 37847  56.8943  28.2299 0001801 301.9399  58.7744  1.70475242 61916
LUCH 5A                 
1 37951U 11074B   21280.84992855 -.00000045  00000-0  00000+0 0  9990
2 37951   4.3845 102.8351 0002913  58.6496 328.1367  1.00270804 36016
METEOSAT-10 (MSG-3)     
1 38552U 12035B   21280.89039775  .00000062  00000-0  00000-0 0  9993
2 38552   1.2511  21.5250 0001565 192.8348 132.3999  1.00278225 33674
SARSAT 13 (METOP-B)     
1 38771U 12049A   21281.22009236 -.00000040  00000-0  19332-5 0  9998
2 38771  98.7031 339.8051 0001992  72.7993  17.4008 14.21487256469899
GPS BIIF-3              
1 38833U 12053A   21280.20576880  .00000018  00000-0  00000-0 0  9994
2 38833  53.5580 213.7321 0115578  42.9514 317.9428  2.00558731 65066
GSAT0103 (GALILEO-FM3)  
1 38857U 12055A   21278.71391865  .00000052  00000-0  00000-0 0  9991
2 38857  55.0668 148.7054 0001795 257.2381 102.8579  1.70473763 55765
GSAT0104 (GALILEO-FM4)  
1 38858U 12055B   21279.85762248  .00000054  00000-0  00000-0 0  9997
2 38858  55.0672 148.6753 0000749 111.3035 248.8221  1.70474073 55782
GPS BIIF-4              
1 39166U 13023A   21280.06910347 -.00000051  00000-0  00000-0 0  9994
2 39166  55.8519 337.9221 0094007  35.0591 325.6274  2.00567232 61508
INSAT-3D                
1 39216U 13038B   21280.90487597 -.00000157  00000-0  00000-0 0  9992
2 39216   0.0105 212.2897 0001339 333.6184 238.6974  1.00269915 29917
GPS BIIF-5              
1 39533U 14008A   21280.06828621  .00000016  00000-0  00000-0 0  9999
2 39533  53.6584 219.2183 0054459 205.5012 154.2196  2.00567151 55302
LUCH 5V                 
1 39727U 14023A   21280.90740531 -.00000270  00000-0  00000-0 0  9990
2 39727   0.9207  66.6985 0002129 119.9860 251.5174  1.00272843 27186
GPS BIIF-6              
1 39741U 14026A   21280.34588304 -.00000058  00000-0  00000-0 0  9999
2 39741  56.4474  38.1026 0024361 298.1603  61.5964  2.00573742 54157
GPS BIIF-7              
1 40105U 14045A   21280.43702450  .00000055  00000-0  00000-0 0  9992
2 40105  54.6406 156.9075 0020235 105.5499 254.7753  2.00560538 51700
GSAT0201 (GALILEO 5)    
1 40128U 14050A   21280.41834485 -.00000072  00000-0  00000-0 0  9995
2 40128  50.4250 342.3645 1640298 115.2680 262.6167  1.85519039 46521
GSAT0202 (GALILEO 6)    
1 40129U 14050B   21281.21928935 -.00000075  00000-0  00000+0 0  9991
2 40129  50.4536 341.3856 1637312 116.1036 261.6553  1.85519679 48676
GPS BIIF-8              
1 40294U 14068A   21280.30590385  .00000042  00000-0  00000-0 0  9990
2 40294  55.6303  97.9501 0036952  54.9197 305.4728  2.00553726 50839
GLONASS-K 2             
1 40315U 14075A   21280.86846236  .00000035  00000-0  00000-0 0  9994
2 40315  63.7463 250.0240 0018641 213.8012  18.5059  2.13101404 53343
GPS BIIF-9              
1 40534U 15013A   21279.94373278  .00000010  00000-0  00000-0 0  9991
2 40534  53.8751 275.1931 0061526  14.8635 345.3170  2.00567784 47869
GSAT0203 (GALILEO 7)    
1 40544U 15017A   21280.21447143 -.00000073  00000-0  00000-0 0  9991
2 40544  56.6881  28.3024 0003760 224.4224 135.5547  1.70474936 39988
GSAT0204 (GALILEO 8)    
1 40545U 15017B   21280.46701330 -.00000073  00000-0  00000-0 0  9990
2 40545  56.6938  28.3068 0003975 209.3505 150.6350  1.70475614  3033
GPS BIIF-10             
1 40730U 15033A   21280.60268570 -.00000053  00000-0  00000-0 0  9992
2 40730  55.3565 336.8496 0065562   0.9518 359.1311  2.00565068 45623
METEOSAT-11 (MSG-4)     
1 40732U 15034A   21280.88856618 -.00000003  00000-0  00000-0 0  9996
2 40732   0.3474 114.5829 0001304  15.8326 206.5263  1.00263562 22844
GSAT0205 (GALILEO 9)    
1 40889U 15045A   21280.82102191  .00000016  00000-0  00000+0 0  9997
2 40889  55.7983 268.9388 0004362 342.4807  17.4841  1.70474862 37807
GSAT0206 (GALILEO 10)   
1 40890U 15045B   21279.86733002  .00000019  00000-0  00000-0 0  9996
2 40890  55.7982 268.9614 0003424 317.8459  42.1114  1.70474878 37813
GPS BIIF-11             
1 41019U 15062A   21280.15463918  .00000042  00000-0  00000-0 0  9995
2 41019  55.6221  97.7937 0071501 213.3767 146.2174  2.00563267 43455
ELEKTRO-L 2             
1 41105U 15074A   21280.88560076 -.00000115  00000-0  00000-0 0  9999
2 41105   2.3529  91.1000 0002879  99.5775 130.3968  1.00271039 21335
GSAT0209 (GALILEO 12)   
1 41174U 15079A   21279.45680824  .00000054  00000-0  00000-0 0  9996
2 41174  55.0829 148.3865 0003001 336.8852  23.2190  1.70472869 35540
GSAT0208 (GALILEO 11)   
1 41175U 15079B   21280.26306285  .00000054  00000-0  00000-0 0  9994
2 41175  55.0815 148.3632 0002291 346.4783  13.6329  1.70472825 35974
GPS BIIF-12             
1 41328U 16007A   21280.24684101  .00000055  00000-0  00000-0 0  9991
2 41328  54.8650 157.5234 0052702 225.3055 134.3645  2.00557236 41464
GSAT0211 (GALILEO 14)   
1 41549U 16030A   21279.20943864  .00000022  00000-0  00000-0 0  9994
2 41549  55.9430 268.8856 0005082 303.8224  56.1162  1.70474599 33431
GSAT0210 (GALILEO 13)   
1 41550U 16030B   21280.67532612  .00000017  00000-0  00000-0 0  9998
2 41550  55.9415 268.8469 0004963 280.7979  79.1265  1.70474608 33455
INSAT-3DR               
1 41752U 16054A   21280.90321883 -.00000078  00000-0  00000-0 0  9998
2 41752   0.1062  93.4296 0011818 169.7915 152.7040  1.00270618 18621
GSAT0207 (GALILEO 15)   
1 41859U 16069A   21279.74934765  .00000053  00000-0  00000-0 0  9993
2 41859  54.7424 148.6224 0002590 316.1658  43.9312  1.70472804 30174
GSAT0212 (GALILEO 16)   
1 41860U 16069B   21280.18936326  .00000053  00000-0  00000+0 0  9999
2 41860  54.7400 148.6083 0002414   2.5174 357.6011  1.70472722 30436
GSAT0213 (GALILEO 17)   
1 41861U 16069C   21277.62196390  .00000046  00000-0  00000-0 0  9997
2 41861  54.7417 148.6843 0001893 276.9016  83.1883  1.70473024 30255
GSAT0214 (GALILEO 18)   
1 41862U 16069D   21279.52883189  .00000053  00000-0  00000+0 0  9995
2 41862  54.7404 148.6263 0001065 293.8069  66.2994  1.70472890 30418
GOES 16                 
1 41866U 16071A   21280.87347744 -.00000250  00000-0  00000-0 0  9995
2 41866   0.1057  77.4722 0000576 147.5239  31.0086  1.00272614 17939
GSAT-17                 
1 42815U 17040B   21280.40467988 -.00000259  00000-0  00000-0 0  9998
2 42815   0.0756  96.3616 0004517 149.9102   9.1888  1.00270669 15601
GSAT0215 (GALILEO 19)   
1 43055U 17079A   21280.60551638  .00000017  00000-0  00000-0 0  9996
2 43055  55.9175 268.6835 0004343 276.9275  83.0033  1.70473765 23777
GSAT0216 (GALILEO 20)   
1 43056U 17079B   21280.31134416  .00000018  00000-0  00000-0 0  9997
2 43056  55.9180 268.6913 0006116 277.6431  82.2686  1.70473915 23786
GSAT0217 (GALILEO 21)   
1 43057U 17079C   21281.11809164  .00000016  00000-0  00000+0 0  9993
2 43057  55.9162 268.6692 0005628 287.3067  72.6105  1.70473884 23785
GSAT0218 (GALILEO 22)   
1 43058U 17079D   21280.16494607  .00000018  00000-0  00000+0 0  9992
2 43058  55.9164 268.6927 0006551 274.6365  85.2704  1.70473864 23766
GOES 17                 
1 43226U 18022A   21280.71735694  .00000096  00000-0  00000-0 0  9990
2 43226   0.0492 297.4598 0000206 244.6903 315.4854  1.00272434 13236
GSAT0221 (GALILEO 25)   
1 43564U 18060A   21278.89042944 -.00000070  00000-0  00000-0 0  9995
2 43564  57.0715  28.0890 0003585 247.5915 112.3756  1.70476024 19927
GSAT0222 (GALILEO 26)   
1 43565U 18060B   21279.11026962 -.00000071  00000-0  00000-0 0  9995
2 43565  57.0738  28.0831 0002990 253.9882 105.9843  1.70476043 19972
GSAT0219 (GALILEO 23)   
1 43566U 18060C   21278.15767906 -.00000069  00000-0  00000-0 0  9996
2 43566  57.0739  28.1108 0002632 251.0723 108.9034  1.70476068 19936
GSAT0220 (GALILEO 24)   
1 43567U 18060D   21280.13735054 -.00000072  00000-0  00000-0 0  9991
2 43567  57.0745  28.0579 0003029 246.9188 113.0567  1.70475663 19954
BEIDOU-3 M13            
1 43622U 18072A   21280.58103497  .00000064  00000-0  00000-0 0  9995
2 43622  55.3380 119.8561 0004307 290.2498  68.0896  1.86231898 20737
BEIDOU-3 M14            
1 43623U 18072B   21281.25360601  .00000057  00000-0  00000+0 0  9994
2 43623  55.3406 119.8252 0003241 335.7214 203.7781  1.86231869 20752
GPS BIII-1              
1 43873U 18109A   21280.85138689  .00000052  00000-0  00000-0 0  9992
2 43873  55.0459 159.8652 0014559 191.6168 137.5951  2.00561498 20702
METEOR-M2 2             
1 44387U 19038A   21281.20082795 -.00000007  00000-0  16122-4 0  9998
2 44387  98.6833 239.5262 0000671 344.7988  15.3175 14.23692082117515
GPS BIII-2              
1 44506U 19056A   21281.10154118 -.00000059  00000-0  00000+0 0  9999
2 44506  55.5504  39.1048 0019826 177.7316 233.3397  2.00566886 15702
BEIDOU-3 M23            
1 44542U 19061A   21281.14496688  .00000024  00000-0  10000-3 0  9996
2 44542  54.6683 240.6892 0009262 321.5006 249.6020  1.86231586 13883
BEIDOU-3 M24            
1 44543U 19061B   21280.80570684  .00000022  00000-0  10000-3 0  9996
2 44543  54.6666 240.6705 0006874 309.0306 305.6118  1.86231948 13870
BEIDOU-3 M21            
1 44793U 1