AOR-E (EGNOS/PRN 120)   
1 24307U 96053A   16365.05023693 -.00000117  00000-0  00000+0 0  9997
2 24307   2.2853  78.5583 0008093 203.5137 179.4193  1.00271401 74376
ARTEMIS (EGNOS/PRN 124) 
1 26863U 01029A   16361.98076678 -.00000365  00000-0  00000+0 0  9999
2 26863  12.5449  34.8673 0001989 347.7623 189.3418  1.00274295 57716
CRE (WAAS/PRN 138)      
1 28868U 05036A   16365.08521590 -.00000066  00000-0  00000+0 0  9999
2 28868   0.0198  41.5394 0001757 295.5508  45.2195  1.00271618 41504
CRW (WAAS/PRN 135)      
1 28884U 05041A   16365.41368795  .00000087  00000-0  00000+0 0  9998
2 28884   0.0217 316.2167 0002328 345.1052 173.8752  1.00272173 40979
IOR-W (EGNOS/PRN 126)   
1 28899U 05044A   16364.57543790  .00000019  00000-0  00000+0 0  9998
2 28899   2.5415   9.4987 0003168 277.5576  82.4442  1.00271939 40841
MTSAT-2 (MSAS/PRN 137)  
1 28937U 06004A   16365.84256787 -.00000234  00000-0  00000+0 0  9996
2 28937   0.0423 102.0771 0003744 180.5610 265.3964  1.00273437 39708
AMR (WAAS/PRN 133)      
1 33278U 08039A   16365.32008811 -.00000126  00000-0  00000+0 0  9996
2 33278   3.0205 359.7849 0003155 285.4593 191.1815  1.00270914 30610
QZS-1 (QZSS/PRN 183)    
1 37158U 10045A   16364.28916148 -.00000086  00000-0  00000-0 0  9998
2 37158  40.7737 161.7973 0746592 269.9542 269.0593  1.00271443 23087
GSAT-8 (GAGAN/PRN 127)  
1 37605U 11022A   16364.96783039  .00000093  00000-0  00000-0 0  9994
2 37605   0.0749  99.5494 0008287 171.8403 230.9572  1.00272336 18575
LUCH 5A (SDCM/PRN 140)  
1 37951U 11074B   16365.77275625 -.00000035  00000-0  00000+0 0  9998
2 37951   1.5734 197.5704 0004662  80.0713 267.2614  1.00274369 18534
SES-5 (EGNOS/PRN 136)   
1 38652U 12036A   16364.21419876  .00000043  00000-0  00000+0 0  9990
2 38652   0.0450 270.8882 0001804  15.3853 253.8993  1.00272437 16404
GSAT-10 (GAGAN/PRN 128) 
1 38779U 12051B   16364.49620967 -.00000156  00000-0  00000-0 0  9999
2 38779   0.0474 103.3085 0001455 181.9894  74.6888  1.00272757 15464
LUCH 5B (SDCM/PRN 125)  
1 38977U 12061A   16364.89389817 -.00000124  00000-0  00000-0 0  9995
2 38977   3.2081  75.7774 0002956 199.8980 128.5640  1.00270445 15514
ASTRA 5B (EGNOS/PRN 123)
1 39617U 14011B   16365.15834463  .00000163  00000-0  00000+0 0  9997
2 39617   0.0320   7.8244 0002406 271.7116 268.0242  1.00271645 10219
LUCH 5V (SDCM/PRN 141)  
1 39727U 14023A   16365.02317670 -.00000256  00000-0  00000+0 0  9998
2 39727   3.0359 299.4704 0004037 353.0374 269.4459  1.00269178527865
GSAT-15 (GAGAN/PRN 139) 
1 41028U 15065A   16365.46431490 -.00000249  00000-0  00000+0 0  9999
2 41028   0.0470  87.9114 0001900 183.0641  89.0049  1.00270185  4212
