HST                     
1 20580U 90037B   21280.77208021  .00000992  00000-0  48916-4 0  9996
2 20580  28.4707  41.8371 0002559 187.8386 296.6382 15.09767402528250
POLAR                   
1 23802U 96013A   21279.64616498  .00000216  00000-0  00000+0 0  9997
2 23802  78.7237 244.2160 5938828 267.4755  27.4597  1.29847007122578
SWAS                    
1 25560U 98071A   21280.69628876  .00000375  00000-0  43478-4 0  9993
2 25560  69.8973 262.6498 0009653 322.8202  37.2285 14.94159187240261
CXO                     
1 25867U 99040B   21284.46907424  .00000896  00000-0  00000+0 0  9995
2 25867  52.2245 250.1475 8492040 227.4733   0.3759  0.37806056 22013
XMM-NEWTON              
1 25989U 99066A   21282.19871091  .00000037  00000-0  00000+0 0  9993
2 25989  70.6170 309.6641 6409563  89.3778 359.9050  0.50136635 28785
TERRA                   
1 25994U 99068A   21281.19209753  .00000122  00000-0  36937-4 0  9998
2 25994  98.1670 353.5000 0001318  91.2178 353.7229 14.57134807159881
CLUSTER II-FM7 (SAMBA)  
1 26410U 00041A   21282.82881308  .00000097  00000-0  00000+0 0  9996
2 26410 133.1589 345.4543 5117410 194.4446   0.7672  0.44233488 24468
CLUSTER II-FM6 (SALSA)  
1 26411U 00041B   21282.82360565 -.00000011  00000-0  00000+0 0  9991
2 26411 134.2913 347.6843 6669538 199.0447   0.8750  0.44224548 23773
CLUSTER II-FM5 (RUMBA)  
1 26463U 00045A   21282.82697742  .00000080  00000-0  00000+0 0  9997
2 26463 137.9171 347.7955 6212314 199.5058   0.8948  0.44223873 25041
CLUSTER II-FM8 (TANGO)  
1 26464U 00045B   21282.82821704  .00000097  00000-0  00000-0 0  9994
2 26464 133.1529 345.4506 5118840 194.4256   0.8248  0.44218372 12717
ODIN                    
1 26702U 01007A   21280.63946948  .00001106  00000-0  74472-4 0  9993
2 26702  97.5351 295.1172 0012218  78.1754 282.0845 15.08693078128144
TIMED                   
1 26998U 01055B   21281.13436778  .00000291  00000-0  35434-4 0  9993
2 26998  74.0726  62.1622 0001525 320.8652  39.2418 14.88357136 75601
RHESSI                  
1 27370U 02004A   21280.94026526  .00007411  00000-0  20958-3 0  9992
2 27370  38.0317 126.6138 0012805 285.9052  74.0308 15.36016637 87709
INTEGRAL                
1 27540U 02048A   21280.08769741  .00000108  00000-0  00000-0 0  9996
2 27540  67.6667  76.3473 8973626 299.9653  57.8192  0.37586371 20208
CORIOLIS                
1 27640U 03001A   21280.97050939  .00000006  00000-0  23442-4 0  9993
2 27640  98.7229 288.9903 0015253 102.9684 314.8769 14.19084093971164
SORCE                   
1 27651U 03004A   21281.11186063  .00000403  00000-0  55634-4 0  9992
2 27651  39.9947 185.7778 0022211 142.2569 217.9782 14.89390401 15454
MOST                    
1 27843U 03031D   21280.93521168 -.00000001  00000-0  19797-4 0  9998
2 27843  98.7107 287.2548 0010513 151.0788 209.0973 14.20646571947392
SCISAT 1                
1 27858U 03036A   21280.53759644  .00000145  00000-0  25339-4 0  9994
2 27858  73.9332 323.3616 0006742  53.3057 306.8736 14.77377254978100
SWIFT                   
1 28485U 04047A   21281.10777129  .00001785  00000-0  90775-4 0  9993
2 28485  20.5567 279.8021 0010824 342.9093  17.0976 15.05176683925545
FORMOSAT-3 FM6          
1 29047U 06011A   21280.89424125  .00000227  00000-0  10516-3 0  9995
2 29047  71.9784 215.4228 0051859 316.7062  43.0004 14.28843536809481
FORMOSAT-3 FM1          
1 29048U 06011B   21280.92470700  .00000128  00000-0  66507-4 0  9992
2 29048  71.9646 125.7186 0045452 277.2213  82.3758 14.28807253811960
FORMOSAT-3 FM5          
1 29049U 06011C   21280.47972423  .00000128  00000-0  66525-4 0  9992
2 29049  72.0193 300.9899 0037001 298.8912  60.8514 14.28889559807712
FORMOSAT-3 FM3          
1 29050U 06011D   21280.75182518  .00000394  00000-0  92624-4 0  9997
2 29050  72.0175  37.6706 0049616 179.5111 180.6100 14.59130328825928
FORMOSAT-3 FM4          
1 29051U 06011E   21280.88852709  .00000107  00000-0  57205-4 0  9996
2 29051  72.0056 201.2824 0068249 180.9025 179.2000 14.28920967810334
FORMOSAT-3 FM2          
1 29052U 06011F   21281.20276121  .00000061  00000-0  40073-4 0  9996
2 29052  72.0324 276.2748 0042376 258.1310 101.5073 14.29030491808765
CLOUDSAT                
1 29107U 06016A   21280.86343951  .00000152  00000-0  39295-4 0  9994
2 29107  98.2908 234.2568 0003689  32.5171 327.6257 14.62728226822275
CALIPSO                 
1 29108U 06016B   21280.91667546  .00000286  00000-0  65701-4 0  9999
2 29108  98.2879 234.0024 0001369  82.6799 277.4558 14.62603879822107
HINODE (SOLAR-B)        
1 29479U 06041A   21280.95080805  .00000124  00000-0  32432-4 0  9995
2 29479  98.1343 294.2141 0018022 302.7929  57.1537 14.64595833803792
SJ-6C                   
1 29505U 06046A   21281.19574024  .00000608  00000-0  60466-4 0  9993
2 29505  97.7966 298.7954 0003466 235.6497 124.4425 14.95273839814990
SJ-6D                   
1 29506U 06046B   21281.27854356  .00000794  00000-0  80578-4 0  9994
2 29506  97.8164 299.1012 0001927  21.3237 338.8065 14.93650986814490
AGILE                   
1 31135U 07013A   21281.05520699  .00005133  00000-0  11558-3 0  9999
2 31135   2.4679  55.3635 0010852  88.3163 271.8134 15.34133518805479
AIM                     
1 31304U 07015A   21280.71480763  .00002370  00000-0  13148-3 0  9995
2 31304  97.8574 186.1397 0005564 148.0474 212.1095 15.14804399792907
FGRST (GLAST)           
1 33053U 08029A   21280.83722333  .00000874  00000-0  33074-4 0  9997
2 33053  25.5823  88.8083 0012451 132.8080 227.3503 15.11612040735425
WISE                    
1 36119U 09071A   21280.71303246  .00002178  00000-0  74603-4 0  9998
2 36119  97.2738 315.1953 0004126 111.4193 248.7489 15.31269555656807
SDO                     
1 36395U 10005A   21280.52423310 -.00000040  00000-0  00000+0 0  9999
2 36395  31.1677 113.3517 0000334 264.8821  85.2114  1.00273765 42845
CRYOSAT 2               
1 36508U 10013A   21280.93827168  .00000117  00000-0  28403-4 0  9994
2 36508  92.0220 222.9451 0007285  43.7488 316.4295 14.51907364609498
X-SAT                   
1 37389U 11015C   21281.18849608 -.00000020  00000-0  93793-5 0  9995
2 37389  98.3720 321.8220 0013670 336.3638  23.6921 14.24390957544299
GCOM-W1 (SHIZUKU)       
1 38337U 12025A   21280.86645529  .00000133  00000-0  39536-4 0  9999
2 38337  98.2163 219.9708 0000589  58.4665  10.0063 14.57096916499535
NUSTAR                  
1 38358U 12031A   21280.38937448  .00001405  00000-0  72467-4 0  9993
2 38358   6.0276  43.7673 0012256 286.1930  73.6850 14.88634310507071
NEOSSAT                 
1 39089U 13009D   21280.63294285  .00000064  00000-0  37776-4 0  9998
2 39089  98.4357 118.0759 0010496 314.0337  45.9982 14.34587469450961
IRIS                    
1 39197U 13033A   21281.10517468  .00000254  00000-0  41362-4 0  9996
2 39197  97.9681 104.2886 0028675 123.7391 236.6558 14.78908465446690
HISAKI (SPRINT-A)       
1 39253U 13049A   21280.71232013  .00000138  00000-0  97427-4 0  9996
2 39253  29.7200 289.0935 0137139 168.9491 191.4137 13.55251477398794
CASSIOPE                
1 39265U 13055A   21280.87895645  .00009737  00000-0  26935-3 0  9998
2 39265  80.9684 173.9730 0644192 343.6914  14.4357 14.33395109416090
STSAT-3                 
1 39422U 13066G   21280.81234400  .00000736  00000-0  81287-4 0  9997
2 39422  97.4767 294.6472 0023953  46.9702 313.3490 14.90029407428212
SWARM B                 
1 39451U 13067A   21280.88828100  .00000751  00000-0  31189-4 0  9996
2 39451  87.7514 137.0467 0002629 114.5297 245.6223 15.22164229422525
SWARM A                 
1 39452U 13067B   21280.86932751  .00003004  00000-0  60484-4 0  9997
2 39452  87.3577 316.7779 0002570  79.7858 280.3690 15.46115460442900
SWARM C                 
1 39453U 13067C   21280.86928519  .00002995  00000-0  60277-4 0  9993
2 39453  87.3430 316.7635 0002569  79.7911 280.3637 15.46124821442865
BRITE-CA1 (TORONTO)     
1 40020U 14033L   21281.02914938  .00000163  00000-0  36063-4 0  9999
2 40020  97.7528  88.3313 0086951 349.6367  10.3042 14.66777276390767
OCO 2                   
1 40059U 14035A   21280.91881560  .00000111  00000-0  34732-4 0  9998
2 40059  98.2170 220.7685 0001374  90.1949 269.9407 14.57110314386555
BRITE-PL2 (HEWELIUSZ)   
1 40119U 14049B   21280.84436430  .00000332  00000-0  45496-4 0  9998
2 40119  97.8882  14.1549 0017064 353.3458   6.7527 14.84714320386617
RESURS P2               
1 40360U 14087A   21281.19539123  .00001914  00000-0  59411-4 0  9999
2 40360  97.2243   6.3567 0007798 275.7630 137.9125 15.34572974379554
MMS 1                   
1 40482U 15011C   21258.42058084 -.00001860  00000-0  00000+0 0  9990
2 40482  33.5007 114.6989 8436997  37.2833  47.6472  0.28495839 12515
MMS 2                   
1 40483U 15011A   21258.46668899 -.00001857  00000-0  00000+0 0  9992
2 40483  33.5068 114.6905 8434770  37.2948  52.3509  0.28491614 12493
MMS 3                   
1 40484U 15011C   21258.46668899 -.00001860  00000-0  00000+0 0  9997
2 40484  33.4821 114.6504 8437754  37.3586  52.3120  0.28489266 12498
MMS 4                   
1 40485U 15011D   21258.42057985 -.00001860  00000-0  00000+0 0  9992
2 40485  33.5009 114.7085 8435900  37.2916  47.5998  0.28495883 12491
ASTROSAT                
1 40930U 15052A   21281.04458623  .00000912  00000-0  38918-4 0  9990
2 40930   5.9958 177.9049 0008799 187.8545 172.1444 14.76408026325834
DAMPE                   
1 41173U 15078A   21281.17606689  .00000305  00000-0  15453-4 0  9994
2 41173  97.3583 271.2062 0014173  15.5292  46.5989 15.24068275323158
PISAT                   
1 41784U 16059B   21280.69416391  .00000196  00000-0  46460-4 0  9997
2 41784  97.9548 328.4076 0030662 247.1123 112.6842 14.63667968268719
HXMT (HUIYAN)           
1 42758U 17034A   21281.15085480  .00000864  00000-0  66679-4 0  9992
2 42758  43.0176 294.4684 0007152 148.5924 287.1902 15.09350100238044
FLYING LAPTOP           
1 42831U 17042G   21280.81335229 -.00000197  00000-0 -14501-4 0  9992
2 42831  97.4529 144.5400 0015074 127.9590 232.3001 14.91360135230430
PICSAT                  
1 43132U 18004X   21280.76972395  .00004603  00000-0  17926-3 0  9998
2 43132  97.4010 354.2919 0009369 162.8125 197.3433 15.26446345207819
ZH