ISS (ZARYA)             
1 25544U 98067A   21281.22625978  .00003350  00000-0  69068-4 0  9999
2 25544  51.6434 143.7971 0004082  68.7062  83.5236 15.48951992306111
AEROCUBE 12A            
1 43556U 18046C   21281.24264223  .00004346  00000-0  14742-3 0  9999
2 43556  51.6405 325.5973 0006868 206.3777 153.6856 15.32622859180578
AEROCUBE 12B            
1 43557U 18046D   21280.60238877  .00004610  00000-0  15903-3 0  9999
2 43557  51.6415 331.0287 0007154 202.6753 157.3913 15.31917105180397
LEMUR-2-VU              
1 43558U 18046E   21280.37947234  .00008379  00000-0  25167-3 0  9997
2 43558  51.6407 320.0800 0005897 212.6570 147.4048 15.35259197180560
LEMUR-2-ALEXANDER       
1 43559U 18046F   21280.54143184  .00007612  00000-0  22768-3 0  9992
2 43559  51.6393 318.1856 0005813 212.3030 147.7598 15.35533686180381
LEMUR-2-YUASA           
1 43560U 18046G   21281.13216439  .00007853  00000-0  23677-3 0  9991
2 43560  51.6397 316.8531 0006011 229.5317 130.5142 15.35233927180673
LEMUR-2-TOMHENDERSON    
1 43561U 18046H   21281.10955460  .00008014  00000-0  24470-3 0  9995
2 43561  51.6406 318.1781 0006337 223.4902 136.5582 15.34798792180210
ISS DEB (SEDA-AP)       
1 43870U 98067PU  21280.72932133  .00014520  00000-0  15257-3 0  9990
2 43870  51.6341  83.5779 0003158  36.4328 323.6882 15.64596282159191
UNITE                   
1 44031U 98067PX  21280.81229976  .00433100  96052-4  66458-3 0  9998
2 44031  51.6340  37.2903 0008124 333.8523  26.2077 16.03688661153513
ISS DEB                 
1 44303U 98067QA  21280.91612412  .00020377  00000-0  23419-3 0  9994
2 44303  51.6366 106.8273 0004112 304.3765  55.6839 15.62000064134172
ISS DEB                 
1 44306U 98067QD  21280.81584659  .00022086  00000-0  24367-3 0  9999
2 44306  51.6350 106.0320 0005120 302.2778  57.7720 15.62994306134188
UGUISU                  
1 44330U 98067QF  21279.86920406  .06149552  12290-4  92993-3 0  9995
2 44330  51.6114  61.5571 0010398 309.1628  50.8471 16.33273521131833
SPOOQY-1                
1 44332U 98067QH  21280.82084112  .00626034  21929-3  61461-3 0  9993
2 44332  51.6212  58.3002 0009609 335.0278  25.0270 16.10692830131934
RED-EYE 1 (PINOT)       
1 44364U 98067QJ  21280.75458264  .00014503  00000-0  16900-3 0  9997
2 44364  51.6374 108.7431 0005250 301.2183  58.8296 15.61922486129726
KRAKSAT                 
1 44427U 98067QM  21281.20605030  .00071131  00000-0  45687-3 0  9997
2 44427  51.6382  84.3204 0003321 291.1922 240.8756 15.75565748129191
VCC A                   
1 44428U 98067QN  21280.75568711  .00516876  13174-3  85425-3 0  9994
2 44428  51.6271  64.8504 0009428 312.3895  47.6317 16.02409943129410
VCC B                   
1 44431U 98067QR  21280.65303833  .00926184  50057-3  95447-3 0  9992
2 44431  51.6197  63.2225 0011000 314.3705  45.6407 16.09975258129361
RWASAT-1                
1 44790U 98067QV  21281.11077723  .00010845  00000-0  11951-3 0  9994
2 44790  51.6368 111.5810 0006241 353.3152 107.4104 15.63690274107050
AQT-D                   
1 44791U 98067QW  21280.91510709  .00030180  00000-0  31712-3 0  9999
2 44791  51.6355 112.8477 0004590 319.8224  40.2431 15.64054119107029
NARSSCUBE-1             
1 44792U 98067QX  21281.19889148  .00091733  00000-0  54637-3 0  9999
2 44792  51.6344  95.0445 0003172 307.2684  52.8026 15.77179890107286
STPSAT-4                
1 45043U 98067QY  21280.84378404  .00013648  00000-0  19693-3 0  9990
2 45043  51.6386 132.5615 0004107 336.4156  23.6647 15.56287746 95991
HARP                    
1 45256U 98067QZ  21280.74568532  .00029465  00000-0  31817-3 0  9994
2 45256  51.6398 120.7522 0004991 325.1155  34.9512 15.63368838 92815
1998-067RA              
1 45257U 98067RA  21280.76873350  .00024614  00000-0  28800-3 0  9993
2 45257  51.6353 123.0479 0005139 329.7014  30.3681 15.61401482 92787
PHOENIX                 
1 45258U 98067RB  21280.94411492  .00020407  00000-0  25746-3 0  9991
2 45258  51.6367 124.9680 0004382 308.2403  51.8195 15.59551996 92747
1998-067RC              
1 45259U 98067RC  21280.88258568  .00056184  00000-0  48448-3 0  9993
2 45259  51.6347 113.2901 0004021 313.8641  46.2024 15.68691949 92921
CRYOCUBE                
1 45260U 98067RD  21280.74779127  .00146031  00000-0  82962-3 0  9999
2 45260  51.6333 108.5803 0004676 289.9334  70.1162 15.78030780 92980
AZTECHSAT-1             
1 45261U 98067RE  21280.76844668  .00106868  00000-0  63867-3 0  9992
2 45261  51.6310 104.9264 0004500 300.5488  59.5068 15.77034242 93021
RADSAT-U                
1 45262U 98067RF  21280.87996280  .00028326  00000-0  32272-3 0  9991
2 45262  51.6396 121.6407 0003876   8.4084 351.6975 15.62015965 92827
QARMAN                  
1 45263U 98067RG  21280.87899212  .00058913  00000-0  50735-3 0  9998
2 45263  51.6347 114.0095 0004085 309.5830  50.4806 15.68703715 92943
SORTIE                  
1 45264U 98067RH  21280.99496263  .00015351  00000-0  21414-3 0  9992
2 45264  51.6396 129.1266 0005897 336.9760  23.0967 15.57086546 92727
ICS-EF (ISS DEB)        
1 45265U 98067RJ  21280.82877819  .00008025  00000-0  13057-3 0  9999
2 45265  51.6393 136.9473 0004370 336.8871  23.1922 15.53644538 92288
G-SAT                   
1 45597U 98067RK  21280.86375521  .00032142  00000-0  36594-3 0  9992
2 45597  51.6369 123.7193 0002403  38.7980 321.3186 15.61968673 82154
QUETZAL-1               
1 45598U 98067RL  21280.96673434  .00048978  00000-0  47951-3 0  9991
2 45598  51.6366 119.8943 0000743 145.6607 214.4437 15.65616727 82144
RED-EYE 2 (MERLOT)      
1 45800U 98067RM  21280.81855638  .00011010  00000-0  16710-3 0  9995
2 45800  51.6399 135.4257 0000525  35.6183 324.4843 15.55136935 74166
RED-EYE 3 (CABERNET)    
1 45809U 98067RN  21280.88256781  .00010924  00000-0  16571-3 0  9993
2 45809  51.6399 135.1038 0000503 354.2654   5.8331 15.55162259 73156
DEMI                    
1 45916U 98067RP  21280.88024145  .00039017  00000-0  41024-3 0  9994
2 45916  51.6379 123.8470 0002485 256.4375 103.6343 15.63914843 70296
SPOC                    
1 46921U 98067RR  21280.81873436  .00020511  00000-0  28291-3 0  9999
2 46921  51.6392 134.7017 0002545 146.4074 213.7079 15.57170884 52344
BOBCAT-1                
1 46922U 98067RS  21281.17844353  .00030739  00000-0  37105-3 0  9993
2 46922  51.6401 129.6341 0002369 166.1403 193.9656 15.60468716 52403
NEUTRON-1               
1 46923U 98067RT  21281.16445334  .00017537  00000-0  24405-3 0  9999
2 46923  51.6392 133.2570 0002551 158.7360 201.3738 15.57049052 52421
1998-067RU              
1 46924U 98067RU  21280.80645464  .00085353  00000-0  71276-3 0  9995
2 46924  51.6348 124.0665 0003831 212.1330 147.9434 15.69301815 52474
LEMUR-2-BAXTER-OLIVER   
1 46925U 98067RV  21281.16333907  .00063560  00000-0  48164-3 0  9998
2 46925  51.6400 120.5224 0003254 225.6825 134.3907 15.71755011 52528
LEMUR-2-DJARA           
1 46926U 98067RW  21281.20318120  .00050598  00000-0  43608-3 0  9999
2 46926  51.6397 122.2966 0001866 218.4161 141.6703 15.68755550 52525
DESCENT                 
1 46927U 98067RX  21281.16941625  .00018233  00000-0  25313-3 0  9990
2 46927  51.6394 133.2856 0002712 173.6700 186.4326 15.57082053 52331
ISS DEB                 
1 47853U 98067RZ  21281.10244569  .00003314  00000-0  65866-4 0  9998
2 47853  51.6421 143.3136 0003180 140.5156 219.6065 15.50065938 32739
RSP-01                  
1 47925U 98067SB  21280.99111666  .00021124  00000-0  32070-3 0  9994
2 47925  51.6404 140.3356 0002357 114.4729 245.6507 15.54535410 32261
TAUSAT-1                
1 47926U 98067SC  21280.83886689  .00028414  00000-0  40925-3 0  9999
2 47926  51.6387 140.0600 0003195 113.0464 247.0865 15.55791757 32243
TSURU                   
1 47927U 98067SD  21280.82303890  .00020432  00000-0  31558-3 0  9991
2 47927  51.6405 141.4616 0002434 111.0076 249.1175 15.54083664 32235
STARS-EC                
1 47928U 98067SE  21280.83628832  .00030569  00000-0  44394-3 0  9993
2 47928  51.6394 140.7916 0006034 169.4419 190.6700 15.55513854 32229
MMSATS-1                
1 47976U 98067SJ  21280.92441785  .00006791  00000-0  12281-3 0  9996
2 47976  51.6470 143.5998 0003221 141.0105 219.1119 15.50935370 30990
SOYUZ-MS 18             
1 48159U 21029A   21280.32316285  .00003017  00000-0  63041-4 0  9993
2 48159  51.6448 148.2619 0004154  67.0682  85.9790 15.48942397305975
CREW DRAGON 2           
1 48209U 21030A   21280.32316285  .00003017  00000-0  63041-4 0  9991
2 48209  51.6448 148.2619 0004154  67.0682  85.9790 15.48942397305971
TIANHE                  
1 48274U 21035A   21281.26274094  .00004966  00000-0  60310-4 0  9993
2 48274  41.4711 313.3703 0000101 320.2765 132.9567 15.61454483 25384
TIANZHOU-2              
1 48803U 21046A   21280.37370571  .00005068  00000-0  61485-4 0  9999
2 48803  41.4714 318.7859 0000260  16.3088 112.9368 15.61445548 25247
RAMSAT                  
1 48850U 98067SL  21280.88093546  .00013418  00000-0  22992-3 0  9995
2 48850  51.6409 144.0679 0004566 188.6763 171.4148 15.51531391 17955
SOAR                    
1 48851U 98067SM  21280.88535629  .00055787  00000-0  78344-3 0  9996
2 48851  51.6376 142.5865 0005735 187.8994 172.1908 15.56146040 18013
BD-28                   
1 48867U 98067SN  21280.87154829  .00014492  00000-0  24507-3 0  9991
2 48867  51.6406 144.0077 0003001 214.7731 145.3063 15.51832305 16708
MIR-SAT 1               
1 48868U 98067SP  21280.84609388  .00029968  00000-0  47324-3 0  9990
2 48868  51.6398 143.8387 0003678 185.8467 174.2481 15.53232927 16738
PROGRESS-MS 17          
1 48869U 21057A   21280.32316285  .00003017  00000-0  63041-4 0  9992
2 48869  51.6448 148.2619 0004154  67.0682  85.9790 15.48942397305973
ISS (NAUKA)             
1 49044U 21066A   21280.32316285  .00003017  00000-0  63041-4 0  9998
2 49044  51.6448 148.2619 0004154  67.0682  85.9790 15.48942397305979
CYGNUS NG-16            
1 49064U 21072A   21280.32316285  .00003017  00000-0  63041-4 0  9997
2 49064  51.6448 148.2619 0004154  67.0682  85.9790 15.48942397305971
DRAGON CRS-23 DEB       
1 49268U 21078B   21280.85603651  .00191494  23170-4  58360-3 0  9994
2 49268  51.6363 143.8812 0106931 191.7740 168.0760 15.82579358  1081
SOYUZ-MS 19             
1 49269U 21089A   21280.32316285  .00003017  00000-0  63041-4 0  9992
2 49269  51.6448 148.2619 0004154  67.0682  85.9790 15.48942397305978
SL-4 R/B                
1 49270U 21089B   21280.99805854  .12424559  12602-4  33508-3 0  9992
2 49270  51.6361 143.3545 0005158  52.4118 308.1210 16.45413152   424
FREGAT DEB              
1 49271U 11037PF  21280.14831440  .00017599  00000-0  10599+0 0  9997
2 49271  51.6209 188.3610 0939458 269.7027  79.6262 11.66301438    12
1998-067SR              
1 49272U 98067SR  21280.94009977  .00014619  00000-0  26538-3 0  9990
2 49272  51.6441 145.2027 0006274 107.0207 253.1470 15.49801052   337
1998-067SS              
1 49273U 98067SS  21281.13355781  .00033412  00000-0  59447-3 0  9997
2 49273  51.6390 144.2376 0007112 111.4792 248.6096 15.49808796   365
1998-067ST              
1 49274U 98067ST  21280.94016561  .00017714  00000-0  32045-3 0  9998
2 49274  51.6428 145.2027 0005881 101.6007 258.5646 15.49739894   333
CUAVA-1            