SPACEBEE-4              
1 43139U 18004AE  21280.74781848  .00009926  00000-0  33311-3 0  9993
2 43139  97.4111 358.8443 0008144 153.4632 206.7028 15.31045024208067
SPACEBEE-3              
1 43140U 18004AF  21280.77408055  .00013883  00000-0  43356-3 0  9991
2 43140  97.4148   0.7450 0007635 148.8984 211.2712 15.33275852208171
SPACEBEE-2              
1 43141U 18004AG  21281.18862687  .00014502  00000-0  44143-3 0  9997
2 43141  97.4168   1.8809 0007457 146.2105 213.9614 15.34081579208276
SPACEBEE-1              
1 43142U 18004AH  21280.84427463  .00018653  00000-0  55006-3 0  9990
2 43142  97.4181   2.2708 0007400 145.1925 214.9803 15.35031126208254
SPACEBEE-7              
1 43816U 18099BL  21280.44182268  .00000600  00000-0  58076-4 0  9993
2 43816  97.6589 349.4254 0013831  28.8373 331.3610 14.96310611154803
SPACEBEE-5              
1 43817U 18099BM  21281.14945645  .00003577  00000-0  30905-3 0  9994
2 43817  97.6692 351.7461 0013088  27.7639 332.4280 14.97790985154972
SPACEBEE-6              
1 43818U 18099BN  21280.44273884  .00001029  00000-0  94910-4 0  9993
2 43818  97.6618 349.9219 0013646  28.0431 332.1524 14.96755440154979
SPACEBEE-9              
1 44370U 19037F   21280.44576347  .00106213  00000-0  91139-3 0  9990
2 44370  44.9932 295.0668 0006715  97.1633 263.0029 15.68346599128699
SPACEBEE-21             
1 46300U 20061AE  21280.77016139  .00004927  00000-0  28403-3 0  9991
2 46300  97.4813 352.4132 0001471  67.4444 292.6943 15.12832717 60276
SPACEBEE-20             
1 46301U 20061AF  21281.16520541  .00005142  00000-0  29627-3 0  9992
2 46301  97.4820 352.8320 0001394  66.0180 294.1197 15.12831117 60332
SPACEBEE-15             
1 46302U 20061AG  21281.13953721  .00006140  00000-0  35081-3 0  9990
2 46302  97.4816 352.8385 0001399  75.5389 284.5997 15.13060054 60336
SPACEBEE-19             
1 46303U 20061AH  21281.15388827  .00005832  00000-0  33459-3 0  9996
2 46303  97.4816 352.8289 0001314  68.7789 291.3582 15.12933775 60339
SPACEBEE-18             
1 46304U 20061AJ  21280.75846744  .00005713  00000-0  32798-3 0  9992
2 46304  97.4814 352.4330 0001346  69.8241 290.3134 15.12915258 60272
SPACEBEE-10             
1 46305U 20061AK  21280.69987477  .00006531  00000-0  36929-3 0  9994
2 46305  97.4823 352.5250 0001352  75.1361 285.0020 15.13410596 60276
SPACEBEE-17             
1 46306U 20061AL  21280.74453791  .00005963  00000-0  34112-3 0  9998
2 46306  97.4820 352.4595 0001377  71.3850 288.7530 15.13025235 60316
SPACEBEE-11             
1 46307U 20061AM  21280.78091654  .00005543  00000-0  31514-3 0  9996
2 46307  97.4820 352.5668 0001424  75.4816 284.6573 15.13279697 60280
SPACEBEE-16             
1 46308U 20061AN  21281.20390770  .00005607  00000-0  32072-3 0  9997
2 46308  97.4820 352.9239 0001390  72.1640 287.9743 15.13055463 60345
SPACEBEE-12             
1 46309U 20061AP  21281.18563077  .00005345  00000-0  30462-3 0  9997
2 46309  97.4817 352.9435 0001418  75.4344 284.7044 15.13212204 60345
SPACEBEE-13             
1 46310U 20061AQ  21280.72975926  .00005729  00000-0  32675-3 0  9992
2 46310  97.4821 352.4810 0001439  74.9976 285.1414 15.13152772 60318
SPACEBEE-14             
1 46311U 20061AR  21280.73198441  .00005724  00000-0  32668-3 0  9990
2 46311  97.4822 352.4796 0001428  75.0941 285.0449 15.13127167 60301
SPACEBEE-34             
1 46933U 20085E   21280.91867670  .00013949  00000-0  55215-3 0  9994
2 46933  97.4001  56.3279 0013938 248.0172 111.9575 15.25463431 48980
SPACEBEE-35             
1 46934U 20085F   21280.93437029  .00013415  00000-0  53390-3 0  9998
2 46934  97.4020  56.3166 0013410 248.8345 111.1421 15.25298558 48980
SPACEBEE-36             
1 46935U 20085G   21280.94309553  .00013466  00000-0  53773-3 0  9991
2 46935  97.4027  56.3295 0013406 248.3113 111.6693 15.25186522 48987
SPACEBEE-37             
1 46936U 20085H   21280.96937917  .00012532  00000-0  50480-3 0  9990
2 46936  97.4022  56.3017 0013703 251.0443 108.9311 15.24907423 48988
SPACEBEE-38             
1 46937U 20085J   21280.91087125  .00012227  00000-0  49273-3 0  9992
2 46937  97.4023  56.1970 0013678 251.1089 108.8663 15.24899298 48972
SPACEBEENZ-3            
1 46938U 20085K   21281.30802291  .00007809  00000-0  32894-3 0  9997
2 46938  97.4046  56.3322 0014213 249.7601 110.2107 15.23532575 49017
SPACEBEENZ-4            
1 46939U 20085L   21281.31889852  .00007463  00000-0  31544-3 0  9994
2 46939  97.4055  56.3180 0014182 248.9690 111.0038 15.23431743 49011
SPACEBEENZ-5            
1 46941U 20085N   21280.93424727  .00007244  00000-0  30700-3 0  9990
2 46941  97.4059  55.9136 0013919 248.2944 111.6786 15.23354988 48959
SPACEBEENZ-6            
1 46942U 20085P   21280.61012381  .00007144  00000-0  30335-3 0  9998
2 46942  97.4053  55.5962 0013914 250.3458 109.6274 15.23293607 48900
SPACEBEE-33             
1 46944U 20085R   21281.26730504  .00010919  00000-0  45278-3 0  9992
2 46944  97.4047  56.1312 0012616 259.8769 100.1045 15.23979642 49002
SPACEBEE-29             
1 46945U 20085S   21280.92783351  .00011766  00000-0  48521-3 0  9998
2 46945  97.4003  55.8320 0012747 262.6499  97.3277 15.24145790 48954
SPACEBEE-32             
1 46946U 20085T   21281.13548968  .00011203  00000-0  46401-3 0  9997
2 46946  97.4014  56.0056 0012542 259.1748 100.8060 15.24013744 48983
SPACEBEE-31             
1 46947U 20085U   21280.87063279  .00011498  00000-0  47575-3 0  9994
2 46947  97.3995  55.7491 0012335 261.2550  98.7282 15.24043799 48945
SPACEBEE-28             
1 46948U 20085V   21280.92630969  .00012007  00000-0  49466-3 0  9995
2 46948  97.4004  55.8390 0012492 260.3608  99.6203 15.24176116 48959
SPACEBEE-30             
1 46949U 20085W   21280.93288622  .00011569  00000-0  47814-3 0  9999
2 46949  97.4008  55.8261 0012394 260.7358  99.2474 15.24080208 48950
SPACEBEE-27             
1 46950U 20085X   21281.30927041  .00012540  00000-0  51357-3 0  9995
2 46950  97.4003  56.2479 0013111 262.6771  97.2976 15.24357693 49019
SPACEBEE-25             
1 46951U 20085Y   21281.29493197  .00013350  00000-0  54452-3 0  9993
2 46951  97.4030  56.2756 0012883 265.2352  94.7401 15.24482933 49018
SPACEBEE-24             
1 46952U 20085Z   21280.92536500  .00012391  00000-0  50955-3 0  9997
2 46952  97.4060  55.8460 0013103 263.8320  96.1420 15.24222262 48950
SPACEBEE-22             
1 46953U 20085AA  21280.89712559  .00013230  00000-0  53878-3 0  9994
2 46953  97.4010  55.8748 0012867 266.4115  93.5647 15.24538004 48958
SPACEBEE-26             
1 46956U 20085AD  21281.32008470  .00012138  00000-0  49916-3 0  9990
2 46956  97.4038  56.2356 0012507 262.0794  97.9024 15.24233172 48930
SPACEBEENZ-2            
1 46957U 20085AE  21281.29812249  .00008015  00000-0  33668-3 0  9990
2 46957  97.4051  56.3505 0014218 249.7134 110.2576 15.23614856 48970
SPACEBEE-39             
1 46958U 20085AF  21280.92713259  .00011463  00000-0  46443-3 0  9997
2 46958  97.4009  56.1676 0013603 249.3622 110.6144 15.24738490 48276
SPACEBEENZ-1            
1 46959U 20085AG  21281.28528122  .00008399  00000-0  35138-3 0  9994
2 46959  97.4074  56.3765 0014318 249.4834 110.4866 15.23736844 48493
SPACEBEE-23             
1 46960U 20085AH  21280.90283358  .00013080  00000-0  53369-3 0  9992
2 46960  97.4008  55.8723 0012783 264.6632  95.3146 15.24476759 48083
SPACEBEE-52             
1 47425U 21006N   21281.23040190  .00006866  00000-0  35985-3 0  9993
2 47425  97.4813 341.1929 0015396  74.4557 285.8374 15.16001035 39158
SPACEBEE-46             
1 47426U 21006P   21280.92593939  .00007143  00000-0  37763-3 0  9998
2 47426  97.4805 340.8237 0015484  75.2117 285.0830 15.15675110 40068
SPACEBEE-47             
1 47427U 21006Q   21281.13331019  .00006511  00000-0  34531-3 0  9990
2 47427  97.4803 341.0010 0015453  75.1873 285.1070 15.15599602 39137
SPACEBEE-59             
1 47428U 21006R   21280.94492549  .00006024  00000-0  32044-3 0  9991
2 47428  97.4806 340.7982 0015477  76.7619 283.5339 15.15524391 40063
SPACEBEE-62             
1 47429U 21006S   21280.89854306  .00003033  00000-0  16779-3 0  9993
2 47429  97.4775 340.4825 0015755  72.8213 287.4742 15.14521061 39089
SPACEBEE-61             
1 47431U 21006U   21280.89352924  .00005451  00000-0  31257-3 0  9999
2 47431  97.4846 339.9380 0007988  85.7190 274.4953 15.12955061 39995
SPACEBEE-49             
1 47432U 21006V   21281.17235610  .00005333  00000-0  30681-3 0  9993
2 47432  97.4849 340.1898 0007644  85.2836 274.9268 15.12852385 39076
SPACEBEE-60             
1 47433U 21006W   21280.91289695  .00006097  00000-0  35021-3 0  9998
2 47433  97.4851 339.9324 0007345  87.0319 273.1752 15.12851333 39996
SPACEBEE-53             
1 47434U 21006X   21280.89643356  .00006512  00000-0  37148-3 0  9998
2 47434  97.4862 339.9679 0007300  87.4023 272.8044 15.13074188 39995
SPACEBEE-63             
1 47442U 21006AF  21280.89586983  .00002474  00000-0  14737-3 0  9991
2 47442  97.4817 339.7249 0008262  85.4548 274.7626 15.12093222 39023
SPACEBEE-50             
1 47443U 21006AG  21280.88749885  .00005159  00000-0  29578-3 0  9995
2 47443  97.4844 339.9411 0008146  85.5566 274.6595 15.12983718 39032
SPACEBEE-51             
1 47444U 21006AH  21280.93135247  .00006751  00000-0  38246-3 0  9994
2 47444  97.4769 339.7692 0007841  88.1474 272.0655 15.13307213 39047
SPACEBEE-48             
1 47447U 21006AL  21281.17536253  .00006831  00000-0  37199-3 0  9991
2 47447  97.4759 340.4697 0012801  77.2333 283.0329 15.14674643 39111
SPACEBEE-40             
1 47449U 21006AN  21280.92741010  .00006921  00000-0  37901-3 0  9995
2 47449  97.4756 340.1932 0012819  77.6418 282.6248 15.14469290 39076
SPACEBEE-41             
1 47451U 21006AQ  21280.93223265  .00006616  00000-0  36270-3 0  9995
2 47451  97.4762 340.2037 0012701  78.0093 282.2562 15.14445634 39078
SPACEBEE-42             
1 47455U 21006AU  21281.20614163  .00005359  00000-0  29511-3 0  9994
2 47455  97.4764 340.4654 0012583  77.3728 282.8910 15.14373265 39114
SPACEBEE-55             
1 47459U 21006AY  21280.88905410  .00002656  00000-0  15227-3 0  9995
2 47459  97.4738 339.9117 0013906  82.2259 278.0550 15.13369506 39052
SPACEBEE-54             
1 47460U 21006AZ  21281.20999582  .00005369  00000-0  29586-3 0  9994
2 47460  97.4768 340.4721 0012494  77.6139 282.6490 15.14352023 39119
SPACEBEE-58             
1 47464U 21006BD  21280.93457887  .00006563  00000-0  34791-3 0  9995
2 47464  97.4806 340.8126 0015510  75.9803 284.3153 15.15609334 39105
SPACEBEE-57             
1 47465U 21006BE  21280.90130644  .00002728  00000-0  16225-3 0  9993
2 47465  97.4761 339.5206 0007606  92.2641 267.9460 15.12064504 39029
SPACEBEE-44             
1 47466U 21006BF  21281.12982899  .00005986  00000-0  34056-3 0  9997
2 47466  97.4771 339.9827 0008313  86.0161 274.2020 15.13194205 39079
SPACEBEE-56             
1 47468U 21006BH  21280.93555389  .00005408  00000-0  30870-3 0  9996
2 47468  97.4774 339.7899 0008419  86.1036 274.1157 15.13121948 39041
SPACEBEE-45             
1 47470U 21006BK  21280.85955658  .00006185  00000-0  35152-3 0  9994
2 47470  97.4777 339.7485 0008492  86.5893 273.6309 15.13217819 39039
SPACEBEE-43             
1 47480U 21006BV  21280.93335241  .00005898  00000-0  33579-3 0  9995
2 47480  97.4771 339.7803 0008270  86.6155 273.6022 15.13179322 39043
SPACEBEE-87             
1 47703U 21015E   21280.78724118  .00009100  00000-0  38539-3 0  9992
2 47703  97.4450 354.1464 0009161 234.0015 126.0374 15.23356382 33693
SPACEBEE-86             
1 47704U 21015F   21280.78245978  .00008937  00000-0  37770-3 0  9998
2 47704  97.4447 354.1480 0009099 233.7465 126.2932 15.23431923 33678
SPACEBEE-85             
1 47705U 21015G   21280.71737579  .00008883  00000-0  37543-3 0  9993
2 47705  97.4448 354.0802 0009097 233.8629 126.1766 15.23431114 33685
SPACEBEE-84             
1 47706U 21015H   21280.78268475  .00009254  00000-0  39081-3 0  9997
2 47706  97.4447 354.1455 0009085 233.7160 126.3238 15.23444853 33697
SPACEBEE-83             
1 47707U 21015J   21280.78852954  .00009231  00000-0  39068-3 0  9999
2 47707  97.4446 354.1378 0009091 233.9279 126.1117 15.23373254 33691
SPACEBEE-82             
1 47708U 21015K   21280.77617810  .00009507  00000-0  40016-3 0  9990
2 47708  97.4445 354.1505 0009096 233.4531 126.5869 15.23550462 33690
SPACEBEE-81             
1 47709U 21015L   21280.77468236  .00009608  00000-0  40409-3 0  9995
2 47709  97.4444 354.1531 0009024 233.4715 126.5692 15.23574236 33615
SPACEBEE-78             
1 47710U 21015M   21280.77214177  .00010217  00000-0  42877-3 0  9999
2 47710  97.4445 354.1549 0009034 233.1774 126.8635 15.23630410 33695
SPACEBEE-76             
1 47711U 21015N   21281.15700685  .00010473  00000-0  43765-3 0  9998
2 47711  97.4443 354.5588 0009067 231.6925 128.3497 15.23767410 33759
SPACEBEE-80             
1 47712U 21015P   21280.77311405  .00009868  00000-0  41456-3 0  9995
2 47712  97.4445 354.1534 0009080 233.3346 126.7057 15.23603543 33693
SPACEBEE-77             
1 47714U 21015Q   21281.16007693  .00010622  00000-0  44439-3 0  9996
2 47714  97.4442 354.5548 0009065 231.6880 128.3543 15.23725176 33671
SPACEBEE-79             
1 47715U 21015R   21280.77744806  .00009869  00000-0  41525-3 0  9991
2 47715  97.4451 354.1571 0009048 233.1557 126.8851 15.23551865 33692
SPACEBEE-65             
1 48626U 21006ES  21280.72066014  .00006700  00000-0  35571-3 0  9991
2 48626  97.2455 335.3965 0016713  65.8019 294.4959 15.15513496 39050
SPACEBEE-64             
1 48627U 21006ET  21280.72053242  .00006648  00000-0  35292-3 0  9992
2 48627  97.2455 335.3962 0016696  65.7165 294.5810 15.15519973 39052
SPACEBEE-66             
1 48628U 21006EU  21280.92170561  .00006532  00000-0  34738-3 0  9995
2 48628  97.2454 335.5813 0016820  65.0541 295.2437 15.15464540 39084
SPACEBEE-67             
1 48629U 21006EV  21280.72439671  .00005977  00000-0  31830-3 0  9996
2 48629  97.2455 335.3916 0016831  65.7421 294.5568 15.15448941 39055
SPACEBEE-68             
1 48630U 21006EW  21280.92486615  .00006340  00000-0  33762-3 0  9991
2 48630  97.2454 335.5787 0016932  65.2284 295.0709 15.15422709 39088
SPACEBEE-69             
1 48631U 21006EX  21280.72857731  .00005798  00000-0  30932-3 0  9993
2 48631  97.2455 335.3880 0017035  65.8800 294.4212 15.15394833 39052
SPACEBEE-70             
1 48632U 21006EY  21281.12928767  .00005969  00000-0  31874-3 0  9993
2 48632  97.2452 335.7599 0017185  64.6165 295.6844 15.15349440 39113
SPACEBEE-71             
1 48633U 21006EZ  21280.73788740  .00005615  00000-0  30051-3 0  9999
2 48633  97.2456 335.3763 0017447  65.8838 294.4218 15.15286709 39051
SPACEBEE-72             
1 48634U 21006FA  21281.13984394  .00005749  00000-0  30817-3 0  9996
2 48634  97.2455 335.7486 0017603  64.3008 296.0040 15.15217493 39116
SPACEBEE-73             
1 48635U 21006FB  21280.94607325  .00005936  00000-0  31852-3 0  9999
2 48635  97.2457 335.5542 0017845  65.2327 295.0760 15.15168086 39089
SPACEBEE-74             
1 48636U 21006FC  21280.68893818  .00005701  00000-0  30680-3 0  9993
2 48636  97.2457 335.2943 0018098  66.0995 294.2132 15.15074216 39044
SPACEBEE-75             
1 48637U 21006FD  21281.15847799  .00005586  00000-0  30131-3 0  9996
2 48637  97.2457 335.7261 0018338  64.5321 295.7807 15.14996803 39113
SPACEBEENZ-10           
1 48882U 21059D   21281.18431514  .00004804  00000-0  28028-3 0  9997
2 48882  97.5265  48.4324 0007544 253.6500 106.3901 15.12399464 15776
SPACEBEE-100            
1 48883U 21059E   21280.92555172  .00002950  00000-0  17456-3 0  9999
2 48883  97.5267  48.1641 0007838 251.9004 108.1373 15.12198433 15736
SPACEBEE-101            
1 48884U 21059F   21280.92387283  .00002958  00000-0  17485-3 0  9996
2 48884  97.5269  48.1689 0007521 254.2181 105.8220 15.12232337 15739
SPACEBEE-102            
1 48886U 21059H   21280.92150718  .00003059  00000-0  18047-3 0  9997
2 48886  97.5269  48.1714 0007618 253.7579 106.2814 15.12276335 15732
SPACEBEENZ-9            
1 48887U 21059J   21281.18440582  .00004878  00000-0  28454-3 0  9991
2 48887  97.5265  48.4323 0007518 253.8411 106.1992 15.12401509 15776
SPACEBEE-103            
1 48888U 21059K   21281.18321127  .00003595  00000-0  21100-3 0  9991
2 48888  97.5270  48.4362 0007754 250.4333 109.6060 15.12350801 15776
SPACEBEENZ-7            
1 48889U 21059L   21281.24204938  .00005129  00000-0  29788-3 0  9994
2 48889  97.5285  48.5361 0008157 253.8270 106.2063 15.12532065 15789
SPACEBEE-104            
1 48890U 21059M   21280.92709136  .00002904  00000-0  17267-3 0  9997
2 48890  97.5262  48.1570 0008097 254.1909 105.8429 15.12031357 15734
SPACEBEENZ-8            
1 48891U 21059N   21280.91080207  .00005273  00000-0  30610-3 0  9997
2 48891  97.5284  48.2092 0008185 255.0622 104.9702 15.12535668 15737
SPACEBEE-106            
1 48893U 21059Q   21281.24412702  .00003435  00000-0  20146-3 0  9996
2 48893  97.5289  48.5350 0008250 253.2571 106.7755 15.12405448 15785
SPACEBEE-107            
1 48894U 21059R   21281.24420970  .00003966  00000-0  23179-3 0  9991
2 48894  97.5289  48.5338 0008247 252.2896 107.7435 15.12436830 15782
SPACEBEE-108            
1 48895U 21059S   21280.91256204  .00003365  00000-0  19746-3 0  9990
2 48895  97.5285  48.2055 0008364 253.8121 106.2190 15.12400993 15738
SPACEBEE-105            
1 48896U 21059T   21281.19229391  .00002992  00000-0  17725-3 0  9999
2 48896  97.5263  48.4160 0008238 242.7619 117.2772 15.12143924 15773
SPACEBEE-109            
1 48897U 21059U   21280.91049419  .00003187  00000-0  18710-3 0  9992
2 48897  97.5283  48.2041 0008581 252.3034 107.7260 15.12425963 15739
SPACEBEE-110            
1 48899U 21059W   21280.90334673  .00004197  00000-0  24393-3 0  9998
2 48899  97.5290  48.2197 0008720 250.3586 109.6704 15.12605324 15731
SPACEBEE-111            
1 48904U 21059AB  21281.22187121  .00003952  00000-0  22867-3 0  9997
2 48904  97.5297  48.5709 0009766 250.0931 109.9248 15.12790232 15783
SPACEBEE-92             
1 48932U 21059BF  21280.90406783  .00008665  00000-0  46772-3 0  9997
2 48932  97.5214  48.4377 0016554 254.2518 105.6888 15.14863903 15751
SPACEBEE-89             
1 48933U 21059BG  21280.90290599  .00009146  00000-0  49281-3 0  9997
2 48933  97.5211  48.4357 0016619 254.2137 105.7263 15.14910188 15752
SPACEBEE-96             
1 48934U 21059BH  21281.23601476  .00007765  00000-0  42007-3 0  9999
2 48934  97.5215  48.7624 0016534 252.8959 107.0463 15.14819639 15801
SPACEBEE-88             
1 48935U 21059BJ  21280.90345029  .00009275  00000-0  49968-3 0  9993
2 48935  97.5210  48.4343 0016601 253.9884 105.9519 15.14909219 15753
SPACEBEE-97             
1 48936U 21059BK  21280.90627359  .00008111  00000-0  43903-3 0  9994
2 48936  97.5217  48.4381 0016411 254.2400 105.7022 15.14789606 15753
SPACEBEE-94             
1 48937U 21059BL  21280.90402074  .00008598  00000-0  46418-3 0  9993
2 48937  97.5213  48.4366 0016581 254.2421 105.6983 15.14858949 15756
SPACEBEE-93             
1 48939U 21059BN  21280.90364864  .00009086  00000-0  49005-3 0  9997
2 48939  97.5212  48.4360 0016598 254.1912 105.7490 15.14877751 15759
SPACEBEE-91             
1 48940U 21059BP  21280.90329026  .00009043  00000-0  48757-3 0  9996
2 48940  97.5212  48.4361 0016611 254.2657 105.6743 15.14890427 15750
SPACEBEE-95             
1 48945U 21059BU  21280.90495996  .00008684  00000-0  46898-3 0  9995
2 48945  97.5215  48.4372 0016533 254.1720 105.7690 15.14843166 15753
SPACEBEE-99             
1 48946U 21059BV  21280.90586519  .00008254  00000-0  44643-3 0  9997
2 48946  97.5215  48.4361 0016513 254.1505 105.7907 15.14808735 15755
SPACEBEE-90             
1 48947U 21059BW  21280.90295135  .00009043  00000-0  48738-3 0  9995
2 48947  97.5211  48.4358 0016611 254.2687 105.6713 15.14905270 15755
SPACEBEE-98             
1 48949U 21059BY  21280.77490363  .00008030  00000-0  43470-3 0  9995
2 48949  97.5217  48.3054 0016516 254.5393 105.4015 15.14783654 15737
