TDRS 3                  
1 19548U 88091B   21280.85695382 -.00000299  00000-0  00000-0 0  9993
2 19548  13.8919 353.3324 0035447 323.7629 319.1244  1.00278889108206
HST                     
1 20580U 90037B   21280.77208021  .00000992  00000-0  48916-4 0  9996
2 20580  28.4707  41.8371 0002559 187.8386 296.6382 15.09767402528250
TDRS 5                  
1 21639U 91054B   21281.19880185  .00000086  00000-0  00000+0 0  9997
2 21639  14.2519   6.6572 0021632   2.8790 271.7035  1.00280167110531
TDRS 6                  
1 22314U 93003B   21280.85859736 -.00000293  00000-0  00000-0 0  9996
2 22314  14.1109   9.8716 0008231 119.4746 150.4400  1.00278604105229
TDRS 7                  
1 23613U 95035B   21280.96635640 -.00000200  00000-0  00000+0 0  9991
2 23613  14.0684   0.5494 0025446  48.5337  40.2307  1.00278776 95977
ISS (ZARYA)             
1 25544U 98067A   21281.22625978  .00003350  00000-0  69068-4 0  9999
2 25544  51.6434 143.7971 0004082  68.7062  83.5236 15.48951992306111
LANDSAT 7               
1 25682U 99020A   21281.12208142 -.00000080  00000-0 -80690-5 0  9995
2 25682  98.0198 333.9250 0001373 103.4248 256.7136 14.57203877195808
TERRA                   
1 25994U 99068A   21281.19209753  .00000122  00000-0  36937-4 0  9998
2 25994  98.1670 353.5000 0001318  91.2178 353.7229 14.57134807159881
TDRS 8                  
1 26388U 00034A   21280.84007722 -.00000226  00000-0  00000-0 0  9998
2 26388   9.9703  44.2675 0016245 334.5771  29.2130  1.00264037 78008
TIMED                   
1 26998U 01055B   21281.13436778  .00000291  00000-0  35434-4 0  9993
2 26998  74.0726  62.1622 0001525 320.8652  39.2418 14.88357136 75601
TDRS 9                  
1 27389U 02011A   21280.80422625 -.00000284  00000-0  00000+0 0  9999
2 27389   8.4841  63.0826 0022747 285.2667 255.5009  1.00276967 73261
AQUA                    
1 27424U 02022A   21281.14137944  .00000203  00000-0  55014-4 0  9996
2 27424  98.2170 220.8854 0000877  37.3934  23.2374 14.57113319 33482
TDRS 10                 
1 27566U 02055A   21281.19509130  .00000092  00000-0  00000+0 0  9990
2 27566   7.7452  51.2963 0005267 329.3575 255.5501  1.00276285 69046
SORCE                   
1 27651U 03004A   21281.11186063  .00000403  00000-0  55634-4 0  9992
2 27651  39.9947 185.7778 0022211 142.2569 217.9782 14.89390401 15454
AURA                    
1 28376U 04026A   21280.92947629  .00000179  00000-0  49835-4 0  9999
2 28376  98.2039 222.8328 0001138  84.4033 275.7295 14.57114052916453
SWIFT                   
1 28485U 04047A   21281.10777129  .00001785  00000-0  90775-4 0  9993
2 28485  20.5567 279.8021 0010824 342.9093  17.0976 15.05176683925545
THEMIS A                
1 30580U 07004A   21280.67833578 -.00000142  00000-0 -41969-1 0  9996
2 30580  16.1667   7.5102 8386310 118.1756 345.6922  0.87834995 26213
THEMIS D                
1 30797U 07004D   21280.66522503 -.00000065  00000-0  00000-0 0  9991
2 30797  12.9088 355.5868 8361171 132.4679 349.1981  0.87838041 26018
THEMIS E                
1 30798U 07004E   21280.72188122 -.00000086  00000-0  00000-0 0  9997
2 30798  12.9571   7.4050 8346760 123.3321 353.2572  0.87841601 50859
AIM                     
1 31304U 07015A   21280.71480763  .00002370  00000-0  13148-3 0  9995
2 31304  97.8574 186.1397 0005564 148.0474 212.1095 15.14804399792907
FGRST (GLAST)           
1 33053U 08029A   21280.83722333  .00000874  00000-0  33074-4 0  9997
2 33053  25.5823  88.8083 0012451 132.8080 227.3503 15.11612040735425
WISE                    
1 36119U 09071A   21280.71303246  .00002178  00000-0  74603-4 0  9998
2 36119  97.2738 315.1953 0004126 111.4193 248.7489 15.31269555656807
TDRS 11                 
1 39070U 13004A   21281.24986816  .00000075  00000-0  00000+0 0  9996
2 39070   3.1963 339.6913 0003633  93.2946 219.6794  1.00269747 31801
TDRS 12                 
1 39504U 14004A   21281.14938109 -.00000276  00000-0  00000+0 0  9994
2 39504   4.1030 343.2768 0002948 203.4639 203.0895  1.00267789 28270
GPM-CORE                
1 39574U 14009C   21281.29571015  .00007202  00000-0  10935-3 0  9998
2 39574  65.0055 326.3192 0010725 278.4664  81.5266 15.55347502432384
MMS 1                   
1 40482U 15011C   21258.42058084 -.00001860  00000-0  00000+0 0  9990
2 40482  33.5007 114.6989 8436997  37.2833  47.6472  0.28495839 12515
MMS 2                   
1 40483U 15011A   21258.46668899 -.00001857  00000-0  00000+0 0  9992
2 40483  33.5068 114.6905 8434770  37.2948  52.3509  0.28491614 12493
MMS 3                   
1 40484U 15011C   21258.46668899 -.00001860  00000-0  00000+0 0  9997
2 40484  33.4821 114.6504 8437754  37.3586  52.3120  0.28489266 12498
MMS 4                   
1 40485U 15011D   21258.42057985 -.00001860  00000-0  00000+0 0  9992
2 40485  33.5009 114.7085 8435900  37.2916  47.5998  0.28495883 12491
TDRS 13                 
1 42915U 17047A   21280.88612407 -.00000107  00000-0  00000-0 0  9998
2 42915   4.8495 331.5907 0015175 118.6850 233.9429  1.00271501 15161
JPSS-1                  
1 43013U 17073A   21281.24095064  .00000014  00000-0  27380