CHINASAT 9B             
1 49125U 21080A   21281.05223409 -.00000314  00000-0  00000+0 0  9999
2 49125   0.0363 259.0778 0003859 279.0571 319.0098  1.00269848   467
CZ-3B R/B               
1 49126U 21080B   21280.60057181  .00017416 -19262-6  10519-2 0  9998
2 49126  24.6524 152.1765 7209638 198.4021 108.3105  2.40313053   508
COSMOS 2551             
1 49127U 21082A   21281.18607473  .00505335  12002-3  77777-3 0  9993
2 49127  96.3470   8.4317 0009954 213.0976 232.6112 16.04216410  4525
SL-4 R/B                
1 49128U 21081B   21280.77982870  .00109178  62172-5  27526-3 0  9991
2 49128  96.3452   7.9633 0012117 164.7485 195.4161 15.95508300  4456
STARLINK-3096           
1 49131U 21082B   21280.91667824 -.00090695  00000-0 -76484-3 0  9990
2 49131  70.0019  60.0240 0003466 281.1174 193.3489 15.69790979  3835
STARLINK-3090           
1 49132U 21082C   21281.33336806  .00072960  00000-0  60869-3 0  9994
2 49132  70.0021  58.8560 0003553 276.9299  29.4841 15.69706904  3900
STARLINK-3077           
1 49133U 21082D   21281.33336806 -.00005620  00000-0 -45422-4 0  9995
2 49133  70.0026  58.8517 0003354 277.4837  33.1966 15.69703660  3907
STARLINK-3078           
1 49134U 21082E   21280.91667824 -.00078446  00000-0 -66046-3 0  9996
2 49134  70.0021  60.0122 0003463 285.5562 199.5587 15.69786689  5030
STARLINK-3073           
1 49135U 21082F   21280.91667824 -.00075155  00000-0 -63246-3 0  9990
2 49135  70.0021  60.0162 0003383 285.5280 195.3264 15.69785923  3835
STARLINK-3084           
1 49136U 21082G   21281.33336806 -.00028999  00000-0 -24222-3 0  9996
2 49136  70.0013  58.8490 0003415 273.8291  38.9770 15.69725135  3905
STARLINK-3055           
1 49137U 21082H   21280.91667824 -.00088892  00000-0 -74930-3 0  9996
2 49137  70.0021  60.0139 0003708 284.1381 198.8447 15.69794031  3830
STARLINK-3058           
1 49138U 21082J   21281.33336806 -.00019278  00000-0 -16018-3 0  9992
2 49138  70.0014  58.8362 0003485 279.0654  44.3676 15.69734178  3907
STARLINK-3057           
1 49139U 21082K   21280.91667824 -.00073001  00000-0 -61437-3 0  9992
2 49139  70.0016  60.0082 0003579 285.7405 201.5178 15.69775434  3832
STARLINK-3118           
1 49140U 21082L   21280.91667824 -.00097603  00000-0 -82325-3 0  9997
2 49140  70.0015  60.0026 0003470 284.6310 208.9666 15.69810423  3835
STARLINK-3093           
1 49141U 21082M   21281.33336806  .00072898  00000-0  60910-3 0  9991
2 49141  70.0016  58.8325 0003326 274.2735  51.2731 15.69671120  5103
STARLINK-3042           
1 49142U 21082N   21281.33336806  .00072950  00000-0  60916-3 0  9997
2 49142  70.0014  58.8288 0003810 279.5756  50.2596 15.69683717  3908
STARLINK-3109           
1 49143U 21082P   21280.91667824 -.00151683  00000-0 -12878-2 0  9994
2 49143  70.0008  59.9978 0003580 283.4895 214.4005 15.69824826  3831
STARLINK-3100           
1 49144U 21082Q   21280.91667824 -.00085571  00000-0 -72094-3 0  9994
2 49144  70.0012  59.9919 0003614 284.4782 217.6568 15.69795256  3839
STARLINK-3119           
1 49145U 21082R   21280.91667824 -.00086928  00000-0 -73269-3 0  9997
2 49145  70.0014  59.9882 0003732 282.2813 224.0948 15.69788809  3833
STARLINK-3116           
1 49146U 21082S   21280.91667824 -.00134709  00000-0 -11420-2 0  9999
2 49146  70.0021  59.9898 0003458 284.5072 219.7720 15.69808559  5001
STARLINK-3071           
1 49147U 21082T   21280.91667824 -.00035782  00000-0 -29925-3 0  9991
2 49147  70.0014  59.9955 0003556 284.2065 215.8466 15.69747578  5003
STARLINK-3048           
1 49148U 21082U   21281.25001157  .00113564  00000-0  94075-3 0  9992
2 49148  70.0011  59.0466 0003509 281.9016 311.9671 15.69736154  5012
STARLINK-3053           
1 49149U 21082V   21280.91667824 -.00114858  00000-0 -97154-3 0  9994
2 49149  70.0013  59.9855 0003534 284.9742 223.5548 15.69798805  3697
STARLINK-3104           
1 49150U 21082W   21281.25001157  .00029906  00000-0  25177-3 0  9998
2 49150  70.0025  59.0404 0003671 277.8884 320.1464 15.69712342  5092
STARLINK-3102           
1 49151U 21082X   21281.25001157  .00086257  00000-0  71943-3 0  9993
2 49151  70.0024  59.0427 0003603 278.6988 317.2249 15.69663940  5093
STARLINK-3081           
1 49152U 21082Y   21281.25001157  .00098520  00000-0  82049-3 0  9999
2 49152  70.0017  59.0332 0003565 280.7528 323.6913 15.69657142  5021
STARLINK-3072           
1 49153U 21082Z   21280.91667824 -.00178747  00000-0 -15220-2 0  9999
2 49153  70.0007  59.9756 0003580 281.4780 235.5453 15.69836834  3839
STARLINK-3068           
1 49154U 21082AA  21280.91667824 -.00012767  00000-0 -10542-3 0  9992
2 49154  70.0009  59.9673 0003459 286.9469 236.4857 15.69728929  3696
STARLINK-3060           
1 49155U 21082AB  21281.25001157  .00102419  00000-0  85241-3 0  9992
2 49155  70.0022  59.0343 0003406 275.3394 326.9410 15.69660248  4979
STARLINK-3085           
1 49156U 21082AC  21280.91667824 -.00091752  00000-0 -77373-3 0  9990
2 49156  70.0017  59.9587 0003582 284.1493 245.6184 15.69794876  4910
STARLINK-3051           
1 49157U 21082AD  21281.25001157 -.00206377  00000-0 -17739-2 0  9990
2 49157  70.0012  59.0285 0003724 278.1181 330.6482 15.69690835  4991
STARLINK-3083           
1 49158U 21082AE  21281.25001157  .00103273  00000-0  85843-3 0  9992
2 49158  70.0013  59.0175 0003323 281.5410 335.6838 15.69688278  4997
STARLINK-3056           
1 49159U 21082AF  21281.25001157  .00073116  00000-0  61095-3 0  9998
2 49159  70.0018  59.0257 0003699 278.3919 332.3985 15.69667549  4993
STARLINK-3095           
1 49160U 21082AG  21280.91667824 -.00127478  00000-0 -10798-2 0  9997
2 49160  70.0017  59.9513 0003618 284.5909 251.6117 15.69804891  4912
STARLINK-3080           
1 49161U 21082AH  21280.91667824 -.00111557  00000-0 -94290-3 0  9999
2 49161  70.0019  59.9574 0003696 286.3541 245.5349 15.69805303  4918
STARLINK-3082           
1 49162U 21082AJ  21280.91667824 -.00076662  00000-0 -64532-3 0  9993
2 49162  70.0020  59.9467 0003460 282.0873 258.3348 15.69784711  5003
STARLINK-3088           
1 49163U 21082AK  21281.25001157  .00075842  00000-0  63356-3 0  9993
2 49163  70.0018  59.0124 0003495 278.1231 343.3450 15.69664450  5066
STARLINK-3106           
1 49164U 21082AL  21280.91667824 -.00128444  00000-0 -10878-2 0  9994
2 49164  70.0018  59.9362 0003543 282.9633 265.9698 15.69812530  5004
STARLINK-3052           
1 49165U 21082AM  21281.25001157  .00089017  00000-0  74236-3 0  9993
2 49165  70.0016  59.0077 0003347 277.0218 348.6841 15.69658185  5107
STARLINK-3089           
1 49166U 21082AN  21281.33336806  .00075717  00000-0  63196-3 0  9990
2 49166  70.0023  58.7674 0003454 272.9754 107.8799 15.69686490  5100
STARLINK-3054           
1 49167U 21082AP  21280.91667824 -.00076953  00000-0 -64773-3 0  9998
2 49167  70.0020  59.9416 0003575 285.8308 258.8421 15.69786621  5046
STARLINK-3101           
1 49168U 21082AQ  21280.91667824 -.00071771  00000-0 -60398-3 0  9991
2 49168  70.0012  59.9298 0003527 282.4183 272.9458 15.69772503  5048
STARLINK-3046           
1 49169U 21082AR  21281.25001157  .00102246  00000-0  85124-3 0  9995
2 49169  70.0025  58.9965 0003534 277.1907 357.0358 15.69652660  5108
STARLINK-3074           
1 49170U 21082AS  21280.91667824 -.00162775  00000-0 -13831-2 0  9998
2 49170  70.0004  59.9221 0003570 281.7872 279.9503 15.69839139  3846
STARLINK-3107           
1 49171U 21082AT  21280.91667824  .00015647  00000-0  13245-3 0  9992
2 49171  70.0014  59.9324 0003484 281.7159 271.2569 15.69776909  4993
STARLINK-3091           
1 49172U 21082AU  21281.25001157  .00069963  00000-0  58532-3 0  9990
2 49172  70.0024  58.9817 0003736 274.4073  12.5608 15.69650118  3896
STARLINK-3045           
1 49173U 21082AV  21280.91667824 -.00091827  00000-0 -77467-3 0  9996
2 49173  70.0018  59.6091 0003694 283.9052 186.3386 15.69784702  3842
STARLINK-3047           
1 49174U 21082AW  21281.25001157 -.00184950  00000-0 -15856-2 0  9999
2 49174  70.0010  58.9877 0003835 275.2284   7.5635 15.69688930  5060
STARLINK-3087           
1 49175U 21082AX  21280.91667824 -.00102725  00000-0 -86719-3 0  9998
2 49175  70.0021  59.9173 0003703 281.1832 284.7586 15.69805558  3847
STARLINK-3069           
1 49176U 21082AY  21280.91667824 -.00125202  00000-0 -10600-2 0  9999
2 49176  70.0013  59.9064 0003594 283.3258 291.1203 15.69809563  3840
STARLINK-3103           
1 49177U 21082AZ  21280.91667824 -.00005265  00000-0 -42428-4 0  9991
2 49177  70.0007  59.9152 0003522 283.5826 284.5424 15.69708448  5041
STARLINK-3086           
1 49178U 21082BA  21281.33336806  .00172227  00000-0  14239-2 0  9990
2 49178  70.0017  58.7388 0003015 271.2266 135.0550 15.69599575  5061
STARLINK-3043           
1 49179U 21082BB  21280.91667824 -.00077515  00000-0 -65259-3 0  9996
2 49179  70.0016  59.9110 0003480 280.5445 289.6342 15.69784289  3842
STARLINK-3050           
1 49180U 21082BC  21281.33336806  .00071766  00000-0  60087-3 0  9992
2 49180  70.0014  58.7331 0002981 273.7016 136.8561 15.69627265  5070
STARLINK-3059           
1 49181U 21082BD  21281.33336806  .00030192  00000-0  25403-3 0  9994
2 49181  70.0027  58.7299 0003618 276.5247 136.2113 15.69724094  5078
ONEWEB-0292             
1 49186U 21083A   21280.91667824 -.01030560  00000-0 -70470-1 0  9994
2 49186  87.2791 320.0412 0018580 218.5989 190.3722 15.09195097  4824
ONEWEB-0303             
1 49187U 21083B   21280.91667824 -.01079775  00000-0 -77432-1 0  9991
2 49187  87.4543 320.2382 0016915 220.5904 241.0262 15.07147788  3611
ONEWEB-0306             
1 49188U 21083C   21280.91667824 -.01092608  00000-0 -73899-1 0  9995
2 49188  87.4576 320.2163 0020264 214.6859  38.5867 15.09249492  4810
ONEWEB-0307             
1 49189U 21083D   21280.91667824 -.01033797  00000-0 -72391-1 0  9996
2 49189  87.2769 320.0479 0016451 212.2297 104.0246 15.07909765  4829
ONEWEB-0320             
1 49190U 21083E   21280.91667824 -.01097910  00000-0 -79669-1 0  9990
2 49190  87.4546 320.2369 0016700 217.5942 208.9019 15.06764389  4808
ONEWEB-0321             
1 49191U 21083F   21280.91667824 -.01020939  00000-0 -67850-1 0  9997
2 49191  87.2814 320.0364 0019388 217.3462 240.9432 15.10180832  4825
ONEWEB-0322             
1 49192U 21083G   21280.91667824 -.01048185  00000-0 -70703-1 0  9992
2 49192  87.2805 320.0404 0017688 220.9894 181.6680 15.09287694  4829
ONEWEB-0324             
1 49193U 21083H   21280.91667824 -.01076181  00000-0 -77196-1 0  9993
2 49193  87.4555 320.2255 0018948 220.5021 285.3800 15.07088054  3617
ONEWEB-0325             
1 49194U 21083J   21281.25001157 -.01177912  00000-0 -87885-1 0  9993
2 49194  87.4516 320.1169 0017218 215.3331 230.8855 15.05939341  4857
ONEWEB-0326             
1 49195U 21083K   21280.91667824 -.01097341  00000-0 -74594-1 0  9995
2 49195  87.4504 320.2097 0020576 211.6959  42.4428 15.09071707  4818
ONEWEB-0327             
1 49196U 21083L   21281.25001157 -.01129721  00000-0 -83878-1 0  9998
2 49196  87.4708 320.1205 0020310 215.7779 309.7250 15.05929576  4865
ONEWEB-0328             
1 49197U 21083M   21280.91667824 -.01045563  00000-0 -71069-1 0  9990
2 49197  87.2792 320.0408 0017012 218.6699 163.0592 15.09015243  4826
ONEWEB-0331             
1 49198U 21083N   21281.25001157 -.01117529  00000-0 -77617-1 0  9997
2 49198  87.3977 320.0845 0020102 219.3368 347.5262 15.08351368  4860
ONEWEB-0333             
1 49199U 21083P   21280.91667824 -.01043072  00000-0 -71884-1 0  9990
2 49199  87.2808 320.0515 0016524 218.2515 144.4599 15.08515624  4822
ONEWEB-0334             
1 49200U 21083Q   21280.91667824 -.01031106  00000-0 -67629-1 0  9990
2 49200  87.2790 320.0216 0019577 208.8541 300.7268 15.10682038  4836
ONEWEB-0335             
1 49201U 21083R   21280.91667824 -.01028819  00000-0 -74996-1 0  9993
2 49201  87.2745 320.0629 0019496 208.5943   2.7796 15.06361152  4828
ONEWEB-0336             
1 49202U 21083S   21280.91667824 -.01035312  00000-0 -74005-1 0  9991
2 49202  87.2750 320.0556 0017495 206.7188  58.1711 15.07139193  4823
ONEWEB-0337             
1 49203U 21083T   21281.25001157 -.01105820  00000-0 -82560-1 0  9998
2 49203  87.2697 319.9404 0019974 208.3755 352.0609 15.05669201  4878
ONEWEB-0338             
1 49204U 21083U   21280.91667824 -.01034763  00000-0 -70405-1 0  9992
2 49204  87.2795 320.0365 0019092 217.4166 208.3834 15.09378059  4825
ONEWEB-0339             
1 49205U 21083V   21280.91667824 -.01044401  00000-0 -73294-1 0  9992
2 49205  87.2765 320.0473 0017324 210.6660  86.2362 15.07840670  4823
ONEWEB-0340             
1 49206U 21083W   21280.91667824 -.01091681  00000-0 -76556-1 0  9999
2 49206  87.4500 320.2236 0017227 220.4001 275.6829 15.07991691  4813
ONEWEB-0341             
1 49207U 21083X   21280.91667824 -.01095932  00000-0 -77422-1 0  9996
2 49207  87.4521 320.2222 0018495 220.7343 298.4610 15.07708261  4812
ONEWEB-0342             
1 49208U 21083Y   21280.91667824 -.01024050  00000-0 -66201-1 0  9993
2 49208  87.2832 320.0297 0019844 205.6918 322.4973 15.11175541  4831
ONEWEB-0343             
1 49209U 21083Z   21280.91667824 -.01094333  00000-0 -73428-1 0  9994
2 49209  87.4092 320.2183 0020397 214.7832  25.9917 15.09540097  4819
ONEWEB-0344             
1 49210U 21083AA  21280.91667824 -.01046208  00000-0 -76273-1 0  9995
2 49210  87.2706 320.0539 0019105 207.8838  14.5045 15.06409984  4821
ONEWEB-0345             
1 49211U 21083AB  21280.91667824 -.01040085  00000-0 -74624-1 0  9991
2 49211  87.2745 320.0571 0018566 208.7014  35.1345 15.06993536  4820
ONEWEB-0346             
1 49212U 21083AC  21280.91667824 -.01094113  00000-0 -78474-1 0  9990
2 49212  87.4552 320.2288 0017803 221.9244 260.2529 15.07161595  4818
ONEWEB-0348             
1 49213U 21083AD  21281.25001157 -.01112762  00000-0 -73131-1 0  9996
2 49213  87.2822 319.9187 0019793 209.3863 299.2274 15.10350706  4881
ONEWEB-0350             
1 49214U 21083AE  21280.91667824 -.01049349  00000-0 -73754-1 0  9999
2 49214  87.2773 320.0504 0016172 214.6036 106.0584 15.07818912  4829
ONEWEB-0351             
1 49215U 21083AF  21280.91667824 -.01019390  00000-0 -64447-1 0  9992
2 49215  87.2822 320.0197 0017444 199.3620  39.6232 15.12011713  4847
ONEWEB-0352             
1 49216U 21083AG  21280.91667824 -.01053174  00000-0 -74623-1 0  9998
2 49216  87.2766 320.0556 0016875 211.6486  86.6641 15.07519986  4822
ONEWEB-0354             
1 49217U 21083AH  21280.91667824 -.01006714  00000-0 -57272-1 0  9998
2 49217  87.3011 320.0266 0018196 201.2135 157.8787 15.15695223  4841
ONEWEB-0355             
1 49218U 21083AJ  21280.91667824 -.01049863  00000-0 -72658-1 0  9996
2 49218  87.2764 320.0396 0016160 217.0450 128.7403 15.08385784  4824
ONEWEB-0357             
1 49219U 21083AK  21280.91667824 -.01033388  00000-0 -68420-1 0  9994
2 49219  87.2802 320.0297 0019042 213.8607 269.2823 15.10361180  4822
SZ-12 MODULE            
1 49221U 21053C   21281.20062158  .00009006  00000-0  11076-3 0  9990
2 49221  41.5567 314.1791 0003496  74.5406 285.5820 15.60350938  3274
TIANZHOU-3              
1 49222U 21085A   21280.47867742  .00005167  00000-0  62612-4 0  9993
2 49222  41.4701 318.1549 0000471 190.2409 169.8421 15.61446691  2664
CZ-7 R/B                
1 49223U 21085B   21277.59154609  .10296228  83179-5  25774-3 0  9995
2 49223  41.4444 328.6654 0024664 289.9620 197.5110 16.43289341  2305
INSPIRATION4 DEB        
1 49248U 21084B   21280.87305050  .00042280  00000-0  35501-3 0  9996
2 49248  51.6438 140.6539 0006663 350.4331   9.6538 15.69446676  2988
JILIN-01 GAOFEN 2D      
1 49256U 21086A   21281.21684058  .00001086  00000-0  72162-4 0  9998
2 49256  97.5405  26.8982 0010823 226.7741 329.7407 15.09226259  1651
KZ-1A R/B               
1 49257U 21086B   21281.24769924  .03065206  24938-5  60832-3 0  9996
2 49257  97.4922  28.1004 0153109  41.9765  15.2252 16.06385060  1720
SHIYAN 10 (SY-10)       
1 49258U 21087A   21280.73267867  .00002257 -92295-6  13696-3 0  9993
2 49258  51.0817  77.0567 7529471 226.8136 304.8176  2.01080460   232
CZ-3B R/B               
1 49259U 21087B   21280.23264701  .00005159  00000-0  61525-3 0  9997
2 49259  51.3967  76.8689 7492315 227.0666  39.7049  2.03818884   235
LANDSAT 9               
1 49260U 21088A   21281.39524406  .00000435  00000-0  91795-4 0  9994
2 49260  98.2188 349.9999 0011293 252.0373 107.9600 14.64253859  1550
2021-088B               
1 49261U 21088B   21281.14234111  .00001196  00000-0  99602-4 0  9999
2 49261  97.6253 348.9727 0022654 215.9338 144.0363 15.00344149  1548
2021-088C               
1 49262U 21088C   21280.74104842  .00001578  00000-0  12935-3 0  9999
2 49262  97.6227 348.5770 0021936 217.5265 142.4427 15.00520219  1483
CUTE                    
1 49263U 21088D   21281.26715326  .00001849  00000-0  14686-3 0  9999
2 49263  97.6239 349.1073 0017336 213.2356 146.7773 15.01590226  1569
2021-088E               
1 49264U 21088E   21281.26653568  .00001174  00000-0  94786-4 0  9990
2 49264  97.6219 349.1063 0016763 213.9621 146.0534 15.01671884  1560
SOYUZ-MS 19             
1 49269U 21089A   21280.32316285  .00003017  00000-0  63041-4 0  9992
2 49269  51.6448 148.2619 0004154  67.0682  85.9790 15.48942397305978
SL-4 R/B                
1 49270U 21089B   21280.99805854  .12424559  12602-4  33508-3 0  9992
2 49270  51.6361 143.354