NOAA 15                 
1 25338U 98030A   21281.25954777  .00000039  00000-0  34932-4 0  9998
2 25338  98.6744 308.7327 0009548 316.6825  43.3603 14.26061905217326
DMSP 5D-3 F15 (USA 147) 
1 25991U 99067A   21280.95191344  .00000023  00000-0  34869-4 0  9995
2 25991  99.0292 263.5476 0010040 179.3752 238.8443 14.16472321128027
METEOSAT-8 (MSG-1)      
1 27509U 02040B   21280.60654743  .00000139  00000-0  00000-0 0  9990
2 27509   7.5719  51.9123 0001129 171.7688  52.5585  1.00270975 70071
DMSP 5D-3 F16 (USA 172) 
1 28054U 03048A   21281.20163491  .00000003  00000-0  25575-4 0  9995
2 28054  98.9655 266.0405 0006784 317.5861 104.8127 14.13638151927398
NOAA 18                 
1 28654U 05018A   21281.20623542  .00000102  00000-0  79281-4 0  9991
2 28654  98.9830 346.4596 0013565 327.1992  32.8337 14.12644577844456
METEOSAT-9 (MSG-2)      
1 28912U 05049B   21280.67383508  .00000020  00000-0  00000-0 0  9995
2 28912   5.4523  67.7923 0000906  31.5526 163.1414  1.00274379 57852
FORMOSAT-3 FM6          
1 29047U 06011A   21280.89424125  .00000227  00000-0  10516-3 0  9995
2 29047  71.9784 215.4228 0051859 316.7062  43.0004 14.28843536809481
FORMOSAT-3 FM1          
1 29048U 06011B   21280.92470700  .00000128  00000-0  66507-4 0  9992
2 29048  71.9646 125.7186 0045452 277.2213  82.3758 14.28807253811960
FORMOSAT-3 FM5          
1 29049U 06011C   21280.47972423  .00000128  00000-0  66525-4 0  9992
2 29049  72.0193 300.9899 0037001 298.8912  60.8514 14.28889559807712
FORMOSAT-3 FM3          
1 29050U 06011D   21280.75182518  .00000394  00000-0  92624-4 0  9997
2 29050  72.0175  37.6706 0049616 179.5111 180.6100 14.59130328825928
FORMOSAT-3 FM4          
1 29051U 06011E   21280.88852709  .00000107  00000-0  57205-4 0  9996
2 29051  72.0056 201.2824 0068249 180.9025 179.2000 14.28920967810334
FORMOSAT-3 FM2          
1 29052U 06011F   21281.20276121  .00000061  00000-0  40073-4 0  9996
2 29052  72.0324 276.2748 0042376 258.1310 101.5073 14.29030491808765
EWS-G1 (GOES 13)        
1 29155U 06018A   21280.90077672  .00000034  00000-0  00000-0 0  9995
2 29155   0.1534 113.9927 0006877  98.4412 190.3332  1.00269022 26196
METOP-A                 
1 29499U 06044A   21281.30340459  .00000022  00000-0  29319-4 0  9991
2 29499  98.4617 316.0098 0000880  66.6233   2.2524 14.21512630776773
DMSP 5D-3 F17 (USA 191) 
1 29522U 06050A   21281.25226476  .00000036  00000-0  41900-4 0  9996
2 29522  98.7815 295.8886 0008739 257.4565 102.5630 14.14046340770252
FENGYUN 3A              
1 32958U 08026A   21281.19112358  .00000007  00000-0  23457-4 0  9999
2 32958  98.4647 249.6660 0009507  38.8123 321.3734 14.18670374692568
FENGYUN 2E              
1 33463U 08066A   21280.90574816 -.00000199  00000-0  00000-0 0  9992
2 33463   5.3504  66.6449 0002742 332.8134  29.8626  1.00268154 46912
NOAA 19                 
1 33591U 09005A   21281.25115978  .00000037  00000-0  45436-4 0  9993
2 33591  99.1781 304.7236 0014083 172.4214 187.7172 14.12499431652846
GOES 14                 
1 35491U 09033A   21280.86772105 -.00000095  00000-0  00000-0 0  9991
2 35491   0.3377 281.2506 0015544 292.6061  11.0374  1.00271086 44934
METEOR-M 1              
1 35865U 09049A   21281.19765031  .00000021  00000-0  28425-4 0  9993
2 35865  98.4930 255.3149 0001329 217.9570 142.1515 14.22286127625835
DMSP 5D-3 F18 (USA 210) 
1 35951U 09057A   21281.25558732  .00000082  00000-0  66179-4 0  9998
2 35951  98.6926 262.3006 0012281  85.4759 274.7816 14.13401748617491
GOES 15                 
1 36411U 10008A   21280.64766965  .00000053  00000-0  00000-0 0  9994
2 36411   0.3678 275.6920 0000906 232.1334 333.9433  1.00262356 42497
COMS 1                  
1 36744U 10032A   21280.91403389 -.00000345  00000-0  00000-0 0  9993
2 36744   0.4798  95.9654 0000734  85.4834 292.5592  1.00270122 33913
FENGYUN 3B              
1 37214U 10059A   21281.23498266  .00000032  00000-0  39634-4 0  9990
2 37214  99.0876 277.5390 0017107 357.9224   2.1880 14.16001252565297
SUOMI NPP               
1 37849U 11061A   21280.93701979  .00000034  00000-0  36895-4 0  9990
2 37849  98.7439 218.1383 0001078  61.6369   3.7097 14.19545442515361
FENGYUN 2F              
1 38049U 12002A   21281.16970213 -.00000357  00000-0  00000+0 0  9997
2 38049   3.1778  81.4415 0002189  10.6996  98.1257  1.00278905 35716
METEOSAT-10 (MSG-3)     
1 38552U 12035B   21280.89039775  .00000062  00000-0  00000-0 0  9993
2 38552   1.2511  21.5250 0001565 192.8348 132.3999  1.00278225 33674
METOP-B                 
1 38771U 12049A   21281.22009236 -.00000040  00000-0  19332-5 0  9998
2 38771  98.7031 339.8051 0001992  72.7993  17.4008 14.21487256469899
FENGYUN 3C              
1 39260U 13052A   21281.20331250  .00000015  00000-0  28849-4 0  9992
2 39260  98.4888 316.6939 0010001 283.2561  76.7512 14.15880157416226
METEOR-M 2              
1 40069U 14037A   21281.19125325 -.00000017  00000-0  11191-4 0  9992
2 40069  98.4543 305.2630 0005383 346.7978  13.3067 14.20689220376040
HIMAWARI-8              
1 40267U 14060A   21280.91647600 -.00000277  00000-0  00000-0 0  9993
2 40267   0.0138 233.9622 0001144 358.1832 255.2120  1.00269454 25588
FENGYUN 2G              
1 40367U 14090A   21280.98010469 -.00000303  00000-0  00000+0 0  9990
2 40367   1.3021  91.6531 0002427 270.9804 106.7916  1.00270428 24863
METEOSAT-11 (MSG-4)     
1 40732U 15034A   21280.88856618 -.00000003  00000-0  00000-0 0  9996
2 40732   0.3474 114.5829 0001304  15.8326 206.5263  1.00263562 22844
ELEKTRO-L 2             
1 41105U 15074A   21280.88560076 -.00000115  00000-0  00000-0 0  9999
2 41105   2.3529  91.1000 0002879  99.5775 130.3968  1.00271039 21335
HIMAWARI-9              
1 41836U 16064A   21280.91656322 -.00000276  00000-0  00000-0 0  9992
2 41836   0.0212 131.4950 0000444  34.1844 321.8426  1.00271171 18014
GOES 16                 
1 41866U 16071A   21280.87347744 -.00000250  00000-0  00000-0 0  9995
2 41866   0.1057  77.4722 0000576 147.5239  31.0086  1.00272614 17939
FENGYUN 4A              
1 41882U 16077A   21281.21800648 -.00000331  00000-0  00000+0 0  9994
2 41882   0.2134 284.9907 0003997 113.8759 161.3772  1.00268246 17808
CYGFM05                 
1 41884U 16078A   21280.56337825  .00001009  00000-0  54157-4 0  9995
2 41884  34.9573 335.1598 0015844 346.2323  13.7955 15.15186656266397
CYGFM04                 
1 41885U 16078B   21280.50394947  .00001076  00000-0  56812-4 0  9992
2 41885  34.9504 326.1409 0014072 359.7339   0.3364 15.15696453266578
CYGFM02                 
1 41886U 16078C   21280.56331736  .00001042  00000-0  55106-4 0  9994
2 41886  34.9596 327.8432 0014864 355.2148   4.8420 15.15696387266503
CYGFM01                 
1 41887U 16078D   21280.46306013  .00001021  00000-0  55089-4 0  9991
2 41887  34.9543 337.7109 0016333 345.1738  14.8493 15.14975109266459
CYGFM08                 
1 41888U 16078E   21280.58665529  .00001064  00000-0  56680-4 0  9990
2 41888  34.9511 330.7109 0015381 355.9839   4.0748 15.15396916266471
CYGFM06                 
1 41889U 16078F   21280.47838291  .00001040  00000-0  55015-4 0  9992
2 41889  34.9591 327.0719 0013816 354.1873   5.8677 15.15690085266560
CYGFM07                 
1 41890U 16078G   21281.24772425  .00001065  00000-0  56291-4 0  9990
2 41890  34.9528 321.1617 0013471   4.9319 355.1524 15.15686945266681
CYGFM03                 
1 41891U 16078H   21281.17958591  .00001083  00000-0  57232-4 0  9999
2 41891  34.9560 321.9826 0012989   2.5088 357.5687 15.15682656266667
FENGYUN 3D              
1 43010U 17072A   21281.18169050  .00000001  00000-0  21550-4 0  9997
2 43010  98.7965 222.3490 0002050 118.1896 241.9492 14.19778832201988
NOAA 20                 
1 43013U 17073A   21281.24095064  .00000014  00000-0  27380-4 0  9992
2 43013  98.7272 218.1971 0001363  75.9763 284.1565 14.19556047201441
GOES 17                 
1 43226U 18022A   21280.71735694  .00000096  00000-0  00000-0 0  9990
2 43226   0.0492 297.4598 0000206 244.6903 315.4854  1.00272434 13236
FENGYUN 2H              
1 43491U 18050A   21280.90417823 -.00000128  00000-0  00000-0 0  9994
2 43491   0.5124 104.7378 0003977  38.5