APRIZESAT 2             
1 28366U 04025A   21281.11631746  .00000044  00000-0  27503-4 0  9998
2 28366  98.1992 157.5812 0108017  14.3227 346.0981 14.36754271905588
SAUDICOMSAT 1           
1 28369U 04025D   21280.86131910  .00000113  00000-0  38780-4 0  9996
2 28369  98.4015 236.4787 0032562 227.3777 132.4672 14.52649674915230
SAUDICOMSAT 2           
1 28370U 04025E   21280.84180494  .00000102  00000-0  39740-4 0  9992
2 28370  98.4932 234.7889 0058751  47.9920 312.6253 14.47571007912106
APRIZESAT 1             
1 28372U 04025G   21280.85728181  .00000066  00000-0  29224-4 0  9991
2 28372  98.4542 235.3609 0045645 325.8996  33.9267 14.49694408913507
NANOSAT-1               
1 28493U 04049B   21280.74914167  .00000206  00000-0  39372-4 0  9991
2 28493  98.1124  16.5317 0005091  35.8017 324.3531 14.73721410902647
SAUDICOMSAT 7           
1 31119U 07012C   21280.80474113  .00000118  00000-0  32606-4 0  9997
2 31119  98.1501 224.5505 0060315 160.8158 199.5334 14.61896646771794
SAUDICOMSAT 6           
1 31121U 07012E   21280.81551057  .00000116  00000-0  34436-4 0  9995
2 31121  98.1951 219.8055 0075169 258.6368 100.6380 14.58692474770113
SAUDICOMSAT 5           
1 31124U 07012H   21280.82539419  .00000153  00000-0  38068-4 0  9993
2 31124  98.1179 226.4607 0052764 110.7962 249.8904 14.63604971772637
SAUDICOMSAT 3           
1 31125U 07012J   21280.85233934  .00000225  00000-0  50108-4 0  9999
2 31125  98.0825 228.3556 0044443  61.7341 298.8337 14.65389500773589
SAUDICOMSAT 4           
1 31127U 07012L   21280.82612205  .00000111  00000-0  32279-4 0  9993
2 31127  98.1743 222.8018 0067259 206.7900 152.9821 14.60410242771001
APRIZESAT 4             
1 35684U 09041D   21280.90331389  .00000164  00000-0  29304-4 0  9992
2 35684  98.3136 280.9142 0048350  81.8859 278.7833 14.79406613657774
APRIZESAT 3             
1 35686U 09041F   21280.80825375  .00000230  00000-0  31041-4 0  9991
2 35686  98.1279 356.7400 0071333 291.8876  67.4765 14.87562306661043
AISSAT 1                
1 36797U