   1.0000000e-04   4.5001402e+04
   2.0000000e-04   4.5001657e+04
   3.0000000e-04   4.5001954e+04
   4.0000000e-04   4.5002302e+04
   5.0000000e-04   4.5002706e+04
   6.0000000e-04   4.5003177e+04
   7.0000000e-04   4.5003723e+04
   8.0000000e-04   4.5004356e+04
   9.0000000e-04   4.5005089e+04
   1.0000000e-03   4.5005936e+04
   1.1000000e-03   4.5006912e+04
   1.2000000e-03   4.5008036e+04
   1.3000000e-03   4.5009328e+04
   1.4000000e-03   4.5010810e+04
   1.5000000e-03   4.5012507e+04
   1.6000000e-03   4.5014447e+04
   1.7000000e-03   4.5016661e+04
   1.8000000e-03   4.5019184e+04
   1.9000000e-03   4.5022053e+04
   2.0000000e-03   4.5025311e+04
   2.1000000e-03   4.5029003e+04
   2.2000000e-03   4.5033180e+04
   2.3000000e-03   4.5037898e+04
   2.4000000e-03   4.5043217e+04
   2.5000000e-03   4.5049203e+04
   2.6000000e-03   4.5055928e+04
   2.7000000e-03   4.5063470e+04
   2.8000000e-03   4.5071912e+04
   2.9000000e-03   4.5081347e+04
   3.0000000e-03   4.5091872e+04
   3.1000000e-03   4.5103592e+04
   3.2000000e-03   4.5116618e+04
   3.3000000e-03   4.5131071e+04
   3.4000000e-03   4.5147079e+04
   3.5000000e-03   4.5164775e+04
   3.6000000e-03   4.5184304e+04
   3.7000000e-03   4.5205816e+04
   3.8000000e-03   4.5229469e+04
   3.9000000e-03   4.5255429e+04
   4.0000000e-03   4.5283868e+04
   4.1000000e-03   4.5314965e+04
   4.2000000e-03   4.5348908e+04
   4.3000000e-03   4.5385886e+04
   4.4000000e-03   4.5426097e+04
   4.5000000e-03   4.5469741e+04
   4.6000000e-03   4.5517023e+04
   4.7000000e-03   4.5568150e+04
   4.8000000e-03   4.5623329e+04
   4.9000000e-03   4.5682770e+04
   5.0000000e-03   4.5746679e+04
   5.1000000e-03   4.5815264e+04
   5.2000000e-03   4.5888727e+04
   5.3000000e-03   4.5967269e+04
   5.4000000e-03   4.6051087e+04
   5.5000000e-03   4.6140376e+04
   5.6000000e-03   4.6235334e+04
   5.7000000e-03   4.6336160e+04
   5.8000000e-03   4.6443069e+04
   5.9000000e-03   4.6556298e+04
   6.0000000e-03   4.6676122e+04
   6.1000000e-03   4.6802884e+04
   6.2000000e-03   4.6937017e+04
   6.3000000e-03   4.7079095e+04
   6.4000000e-03   4.7229880e+04
   6.5000000e-03   4.7390398e+04
   6.6000000e-03   4.7562015e+04
   6.7000000e-03   4.7746542e+04
   6.8000000e-03   4.7946346e+04
   6.9000000e-03   4.8164472e+04
   7.0000000e-03   4.8404769e+04
   7.1000000e-03   4.8672017e+04
   7.2000000e-03   4.8972028e+04
   7.3000000e-03   4.9311715e+04
   7.4000000e-03   4.9699114e+04
   7.5000000e-03   5.0143321e+04
   7.6000000e-03   5.0654342e+04
   7.7000000e-03   5.1242824e+04
   7.8000000e-03   5.1919648e+04
   7.9000000e-03   5.2695394e+04
   8.0000000e-03   5.3579662e+04
   8.1000000e-03   5.4580278e+04
   8.2000000e-03   5.5702418e+04
   8.3000000e-03   5.6947693e+04
   8.4000000e-03   5.8313278e+04
   8.5000000e-03   5.9791192e+04
   8.6000000e-03   6.1367921e+04
   8.7000000e-03   6.3024794e+04
   8.8000000e-03   6.4740006e+04
   8.9000000e-03   6.6493996e+04
   9.0000000e-03   6.8280818e+04
   9.1000000e-03   7.0127880e+04
   9.2000000e-03   7.2122641e+04
   9.3000000e-03   7.4435123e+04
   9.4000000e-03   7.7311493e+04
   9.5000000e-03   8.1007000e+04
   9.6000000e-03   8.5644004e+04
   9.7000000e-03   9.1031317e+04
   9.8000000e-03   9.6543246e+04
   9.9000000e-03   1.0117643e+05
   1.0000000e-02   1.0383234e+05
   1.0100000e-02   1.0373174e+05
   1.0200000e-02   1.0075121e+05
   1.0300000e-02   9.5487348e+04
   1.0400000e-02   8.9009110e+04
   1.0500000e-02   8.2443901e+04
   1.0600000e-02   7.6620486e+04
   1.0700000e-02   7.1919066e+04
   1.0800000e-02   6.8332885e+04
   1.0900000e-02   6.5639607e+04
   1.1000000e-02   6.3567582e+04
   1.1100000e-02   6.1894667e+04
   1.1200000e-02   6.0477173e+04
   1.1300000e-02   5.9237316e+04
   1.1400000e-02   5.8138284e+04
   1.1500000e-02   5.7163203e+04
   1.1600000e-02   5.6302437e+04
   1.1700000e-02   5.5547640e+04
   1.1800000e-02   5.4889734e+04
   1.1900000e-02   5.4318682e+04
   1.2000000e-02   5.3823890e+04
   1.2100000e-02   5.3394742e+04
   1.2200000e-02   5.3021065e+04
   1.2300000e-02   5.2693475e+04
   1.2400000e-02   5.2403607e+04
   1.2500000e-02   5.2144228e+04
   1.2600000e-02   5.1909264e+04
   1.2700000e-02   5.1693760e+04
   1.2800000e-02   5.1493789e+04
   1.2900000e-02   5.1306339e+04
   1.3000000e-02   5.1129177e+04
   1.3100000e-02   5.0960724e+04
   1.3200000e-02   5.0799924e+04
   1.3300000e-02   5.0646134e+04
   1.3400000e-02   5.0499023e+04
   1.3500000e-02   5.0358491e+04
   1.3600000e-02   5.0224599e+04
   1.3700000e-02   5.0097514e+04
   1.3800000e-02   4.9977472e+04
   1.3900000e-02   4.9864737e+04
   1.4000000e-02   4.9759586e+04
   1.4100000e-02   4.9662286e+04
   1.4200000e-02   4.9573085e+04
   1.4300000e-02   4.9492201e+04
   1.4400000e-02   4.9419821e+04
   1.4500000e-02   4.9356091e+04
   1.4600000e-02   4.9301123e+04
   1.4700000e-02   4.9254988e+04
   1.4800000e-02   4.9217718e+04
   1.4900000e-02   4.9189307e+04
   1.5000000e-02   4.9169715e+04
   1.5100000e-02   4.9158865e+04
   1.5200000e-02   4.9156648e+04
   1.5300000e-02   4.9162922e+04
   1.5400000e-02   4.9177519e+04
   1.5500000e-02   4.9200243e+04
   1.5600000e-02   4.9230871e+04
   1.5700000e-02   4.9269159e+04
   1.5800000e-02   4.9314844e+04
   1.5900000e-02   4.9367642e+04
   1.6000000e-02   4.9427252e+04
   1.6100000e-02   4.9493361e+04
   1.6200000e-02   4.9565643e+04
   1.6300000e-02   4.9643760e+04
   1.6400000e-02   4.9727366e+04
   1.6500000e-02   4.9816110e+04
   1.6600000e-02   4.9909635e+04
   1.6700000e-02   5.0007583e+04
   1.6800000e-02   5.0109594e+04
   1.6900000e-02   5.0215313e+04
   1.7000000e-02   5.0324387e+04
   1.7100000e-02   5.0436472e+04
   1.7200000e-02   5.0551235e+04
   1.7300000e-02   5.0668357e+04
   1.7400000e-02   5.0787538e+04
   1.7500000e-02   5.0908501e+04
   1.7600000e-02   5.1030996e+04
   1.7700000e-02   5.1154809e+04
   1.7800000e-02   5.1279768e+04
   1.7900000e-02   5.1405748e+04
   1.8000000e-02   5.1532683e+04
   1.8100000e-02   5.1660575e+04
   1.8200000e-02   5.1789503e+04
   1.8300000e-02   5.1919633e+04
   1.8400000e-02   5.2051235e+04
   1.8500000e-02   5.2184689e+04
   1.8600000e-02   5.2320503e+04
   1.8700000e-02   5.2459321e+04
   1.8800000e-02   5.2601935e+04
   1.8900000e-02   5.2749297e+04
   1.9000000e-02   5.2902522e+04
   1.9100000e-02   5.3062901e+04
   1.9200000e-02   5.3231893e+04
   1.9300000e-02   5.3411129e+04
   1.9400000e-02   5.3602397e+04
   1.9500000e-02   5.3807634e+04
   1.9600000e-02   5.4028897e+04
   1.9700000e-02   5.4268335e+04
   1.9800000e-02   5.4528152e+04
   1.9900000e-02   5.4810558e+04
   2.0000000e-02   5.5117713e+04
   2.0100000e-02   5.5451663e+04
   2.0200000e-02   5.5814269e+04
   2.0300000e-02   5.6207128e+04
   2.0400000e-02   5.6631492e+04
   2.0500000e-02   5.7088182e+04
   2.0600000e-02   5.7577504e+04
   2.0700000e-02   5.8099166e+04
   2.0800000e-02   5.8652207e+04
   2.0900000e-02   5.9234932e+04
   2.1000000e-02   5.9844866e+04
   2.1100000e-02   6.0478732e+04
   2.1200000e-02   6.1132466e+04
   2.1300000e-02   6.1801284e+04
   2.1400000e-02   6.2479827e+04
   2.1500000e-02   6.3162429e+04
   2.1600000e-02   6.3843546e+04
   2.1700000e-02   6.4518433e+04
   2.1800000e-02   6.5184093e+04
   2.1900000e-02   6.5840555e+04
   2.2000000e-02   6.6492404e+04
   2.2100000e-02   6.7150369e+04
   2.2200000e-02   6.7832617e+04
   2.2300000e-02   6.8565132e+04
   2.2400000e-02   6.9380504e+04
   2.2500000e-02   7.0314408e+04
   2.2600000e-02   7.1399395e+04
   2.2700000e-02   7.2656221e+04
   2.2800000e-02   7.4083813e+04
   2.2900000e-02   7.5649902e+04
   2.3000000e-02   7.7284982e+04
   2.3100000e-02   7.8882277e+04
   2.3200000e-02   8.0305490e+04
   2.3300000e-02   8.1404430e+04
   2.3400000e-02   8.2036444e+04
   2.3500000e-02   8.2089631e+04
   2.3600000e-02   8.1502768e+04
   2.3700000e-02   8.0277251e+04
   2.3800000e-02   7.8478059e+04
   2.3900000e-02   7.6223487e+04
   2.4000000e-02   7.3666122e+04
   2.4100000e-02   7.0969550e+04
   2.4200000e-02   6.8285907e+04
   2.4300000e-02   6.5738625e+04
   2.4400000e-02   6.3412865e+04
   2.4500000e-02   6.1353973e+04
   2.4600000e-02   5.9572464e+04
   2.4700000e-02   5.8052944e+04
   2.4800000e-02   5.6764268e+04
   2.4900000e-02   5.5668713e+04
   2.5000000e-02   5.4728888e+04
   2.5100000e-02   5.3911976e+04
   2.5200000e-02   5.3191595e+04
   2.5300000e-02   5.2547919e+04
   2.5400000e-02   5.1966791e+04
   2.5500000e-02   5.1438411e+04
   2.5600000e-02   5.0956037e+04
   2.5700000e-02   5.0514890e+04
   2.5800000e-02   5.0111358e+04
   2.5900000e-02   4.9742464e+04
   2.6000000e-02   4.9405556e+04
   2.6100000e-02   4.9098136e+04
   2.6200000e-02   4.8817797e+04
   2.6300000e-02   4.8562203e+04
   2.6400000e-02   4.8329095e+04
   2.6500000e-02   4.8116315e+04
   2.6600000e-02   4.7921820e+04
   2.6700000e-02   4.7743705e+04
   2.6800000e-02   4.7580207e+04
   2.6900000e-02   4.7429718e+04
   2.7000000e-02   4.7290785e+04
   2.7100000e-02   4.7162106e+04
   2.7200000e-02   4.7042525e+04
   2.7300000e-02   4.6931026e+04
   2.7400000e-02   4.6826721e+04
   2.7500000e-02   4.6728839e+04
   2.7600000e-02   4.6636717e+04
   2.7700000e-02   4.6549785e+04
   2.7800000e-02   4.6467557e+04
   2.7900000e-02   4.6389620e+04
   2.8000000e-02   4.6315622e+04
   2.8100000e-02   4.6245265e+04
   2.8200000e-02   4.6178295e+04
   2.8300000e-02   4.6114497e+04
   2.8400000e-02   4.6053685e+04
   2.8500000e-02   4.5995700e+04
   2.8600000e-02   4.5940401e+04
   2.8700000e-02   4.5887666e+04
   2.8800000e-02   4.5837383e+04
   2.8900000e-02   4.5789455e+04
   2.9000000e-02   4.5743789e+04
   2.9100000e-02   4.5700300e+04
   2.9200000e-02   4.5658907e+04
   2.9300000e-02   4.5619535e+04
   2.9400000e-02   4.5582110e+04
   2.9500000e-02   4.5546561e+04
   2.9600000e-02   4.5512819e+04
   2.9700000e-02   4.5480817e+04
   2.9800000e-02   4.5450489e+04
   2.9900000e-02   4.5421770e+04
   3.0000000e-02   4.5394597e+04
   3.0100000e-02   4.5368908e+04
   3.0200000e-02   4.5344642e+04
   3.0300000e-02   4.5321738e+04
   3.0400000e-02   4.5300138e+04
   3.0500000e-02   4.5279785e+04
   3.0600000e-02   4.5260622e+04
   3.0700000e-02   4.5242596e+04
   3.0800000e-02   4.5225651e+04
   3.0900000e-02   4.5209738e+04
   3.1000000e-02   4.5194805e+04
   3.1100000e-02   4.5180804e+04
   3.1200000e-02   4.5167686e+04
   3.1300000e-02   4.5155407e+04
   3.1400000e-02   4.5143923e+04
   3.1500000e-02   4.5133190e+04
   3.1600000e-02   4.5123168e+04
   3.1700000e-02   4.5113816e+04
   3.1800000e-02   4.5105099e+04
   3.1900000e-02   4.5096978e+04
   3.2000000e-02   4.5089420e+04
   3.2100000e-02   4.5082391e+04
   3.2200000e-02   4.5075859e+04
   3.2300000e-02   4.5069794e+04
   3.2400000e-02   4.5064167e+04
   3.2500000e-02   4.5058951e+04
   3.2600000e-02   4.5054119e+04
   3.2700000e-02   4.5049647e+04
   3.2800000e-02   4.5045512e+04
   3.2900000e-02   4.5041691e+04
   3.3000000e-02   4.5038162e+04
   3.3100000e-02   4.5034907e+04
   3.3200000e-02   4.5031906e+04
   3.3300000e-02   4.5029142e+04
   3.3400000e-02   4.5026599e+04
   3.3500000e-02   4.5001185e+04
