   1.0000000e-04   9.0002805e+04
   2.0000000e-04   9.0003314e+04
   3.0000000e-04   9.0003909e+04
   4.0000000e-04   9.0004603e+04
   5.0000000e-04   9.0005412e+04
   6.0000000e-04   9.0006353e+04
   7.0000000e-04   9.0007446e+04
   8.0000000e-04   9.0008713e+04
   9.0000000e-04   9.0010178e+04
   1.0000000e-03   9.0011872e+04
   1.1000000e-03   9.0013824e+04
   1.2000000e-03   9.0016072e+04
   1.3000000e-03   9.0018655e+04
   1.4000000e-03   9.0021619e+04
   1.5000000e-03   9.0025013e+04
   1.6000000e-03   9.0028894e+04
   1.7000000e-03   9.0033322e+04
   1.8000000e-03   9.0038368e+04
   1.9000000e-03   9.0044106e+04
   2.0000000e-03   9.0050622e+04
   2.1000000e-03   9.0058006e+04
   2.2000000e-03   9.0066360e+04
   2.3000000e-03   9.0075796e+04
   2.4000000e-03   9.0086433e+04
   2.5000000e-03   9.0098405e+04
   2.6000000e-03   9.0111855e+04
   2.7000000e-03   9.0126939e+04
   2.8000000e-03   9.0143825e+04
   2.9000000e-03   9.0162695e+04
   3.0000000e-03   9.0183744e+04
   3.1000000e-03   9.0207183e+04
   3.2000000e-03   9.0233236e+04
   3.3000000e-03   9.0262142e+04
   3.4000000e-03   9.0294157e+04
   3.5000000e-03   9.0329551e+04
   3.6000000e-03   9.0368609e+04
   3.7000000e-03   9.0411633e+04
   3.8000000e-03   9.0458939e+04
   3.9000000e-03   9.0510858e+04
   4.0000000e-03   9.0567736e+04
   4.1000000e-03   9.0629931e+04
   4.2000000e-03   9.0697815e+04
   4.3000000e-03   9.0771772e+04
   4.4000000e-03   9.0852194e+04
   4.5000000e-03   9.0939482e+04
   4.6000000e-03   9.1034046e+04
   4.7000000e-03   9.1136300e+04
   4.8000000e-03   9.1246658e+04
   4.9000000e-03   9.1365540e+04
   5.0000000e-03   9.1493359e+04
   5.1000000e-03   9.1630528e+04
   5.2000000e-03   9.1777454e+04
   5.3000000e-03   9.1934537e+04
   5.4000000e-03   9.2102173e+04
   5.5000000e-03   9.2280753e+04
   5.6000000e-03   9.2470668e+04
   5.7000000e-03   9.2672321e+04
   5.8000000e-03   9.2886138e+04
   5.9000000e-03   9.3112595e+04
   6.0000000e-03   9.3352245e+04
   6.1000000e-03   9.3605768e+04
   6.2000000e-03   9.3874035e+04
   6.3000000e-03   9.4158190e+04
   6.4000000e-03   9.4459761e+04
   6.5000000e-03   9.4780795e+04
   6.6000000e-03   9.5124029e+04
   6.7000000e-03   9.5493084e+04
   6.8000000e-03   9.5892692e+04
   6.9000000e-03   9.6328943e+04
   7.0000000e-03   9.6809538e+04
   7.1000000e-03   9.7344035e+04
   7.2000000e-03   9.7944056e+04
   7.3000000e-03   9.8623430e+04
   7.4000000e-03   9.9398227e+04
   7.5000000e-03   1.0028664e+05
   7.6000000e-03   1.0130868e+05
   7.7000000e-03   1.0248565e+05
   7.8000000e-03   1.0383930e+05
   7.9000000e-03   1.0539079e+05
   8.0000000e-03   1.0715932e+05
   8.1000000e-03   1.0916056e+05
   8.2000000e-03   1.1140484e+05
   8.3000000e-03   1.1389539e+05
   8.4000000e-03   1.1662656e+05
   8.5000000e-03   1.1958238e+05
   8.6000000e-03   1.2273584e+05
   8.7000000e-03   1.2604959e+05
   8.8000000e-03   1.2948001e+05
   8.9000000e-03   1.3298799e+05
   9.0000000e-03   1.3656164e+05
   9.1000000e-03   1.4025576e+05
   9.2000000e-03   1.4424528e+05
   9.3000000e-03   1.4887025e+05
   9.4000000e-03   1.5462299e+05
   9.5000000e-03   1.6201400e+05
   9.6000000e-03   1.7128801e+05
   9.7000000e-03   1.8206263e+05
   9.8000000e-03   1.9308649e+05
   9.9000000e-03   2.0235285e+05
   1.0000000e-02   2.0766469e+05
   1.0100000e-02   2.0746349e+05
   1.0200000e-02   2.0150242e+05
   1.0300000e-02   1.9097470e+05
   1.0400000e-02   1.7801822e+05
   1.0500000e-02   1.6488780e+05
   1.0600000e-02   1.5324097e+05
   1.0700000e-02   1.4383813e+05
   1.0800000e-02   1.3666577e+05
   1.0900000e-02   1.3127921e+05
   1.1000000e-02   1.2713516e+05
   1.1100000e-02   1.2378933e+05
   1.1200000e-02   1.2095435e+05
   1.1300000e-02   1.1847463e+05
   1.1400000e-02   1.1627657e+05
   1.1500000e-02   1.1432641e+05
   1.1600000e-02   1.1260487e+05
   1.1700000e-02   1.1109528e+05
   1.1800000e-02   1.0977947e+05
   1.1900000e-02   1.0863736e+05
   1.2000000e-02   1.0764778e+05
   1.2100000e-02   1.0678948e+05
   1.2200000e-02   1.0604213e+05
   1.2300000e-02   1.0538695e+05
   1.2400000e-02   1.0480721e+05
   1.2500000e-02   1.0428846e+05
   1.2600000e-02   1.0381853e+05
   1.2700000e-02   1.0338752e+05
   1.2800000e-02   1.0298758e+05
   1.2900000e-02   1.0261268e+05
   1.3000000e-02   1.0225835e+05
   1.3100000e-02   1.0192145e+05
   1.3200000e-02   1.0159985e+05
   1.3300000e-02   1.0129227e+05
   1.3400000e-02   1.0099805e+05
   1.3500000e-02   1.0071698e+05
   1.3600000e-02   1.0044920e+05
   1.3700000e-02   1.0019503e+05
   1.3800000e-02   9.9954944e+04
   1.3900000e-02   9.9729475e+04
   1.4000000e-02   9.9519173e+04
   1.4100000e-02   9.9324573e+04
   1.4200000e-02   9.9146170e+04
   1.4300000e-02   9.8984403e+04
   1.4400000e-02   9.8839641e+04
   1.4500000e-02   9.8712182e+04
   1.4600000e-02   9.8602246e+04
   1.4700000e-02   9.8509976e+04
   1.4800000e-02   9.8435435e+04
   1.4900000e-02   9.8378614e+04
   1.5000000e-02   9.8339430e+04
   1.5100000e-02   9.8317730e+04
   1.5200000e-02   9.8313295e+04
   1.5300000e-02   9.8325844e+04
   1.5400000e-02   9.8355039e+04
   1.5500000e-02   9.8400485e+04
   1.5600000e-02   9.8461741e+04
   1.5700000e-02   9.8538319e+04
   1.5800000e-02   9.8629688e+04
   1.5900000e-02   9.8735283e+04
   1.6000000e-02   9.8854504e+04
   1.6100000e-02   9.8986723e+04
   1.6200000e-02   9.9131286e+04
   1.6300000e-02   9.9287520e+04
   1.6400000e-02   9.9454732e+04
   1.6500000e-02   9.9632220e+04
   1.6600000e-02   9.9819271e+04
   1.6700000e-02   1.0001517e+05
   1.6800000e-02   1.0021919e+05
   1.6900000e-02   1.0043063e+05
   1.7000000e-02   1.0064877e+05
   1.7100000e-02   1.0087294e+05
   1.7200000e-02   1.0110247e+05
   1.7300000e-02   1.0133671e+05
   1.7400000e-02   1.0157508e+05
   1.7500000e-02   1.0181700e+05
   1.7600000e-02   1.0206199e+05
   1.7700000e-02   1.0230962e+05
   1.7800000e-02   1.0255954e+05
   1.7900000e-02   1.0281150e+05
   1.8000000e-02   1.0306537e+05
   1.8100000e-02   1.0332115e+05
   1.8200000e-02   1.0357901e+05
   1.8300000e-02   1.0383927e+05
   1.8400000e-02   1.0410247e+05
   1.8500000e-02   1.0436938e+05
   1.8600000e-02   1.0464101e+05
   1.8700000e-02   1.0491864e+05
   1.8800000e-02   1.0520387e+05
   1.8900000e-02   1.0549859e+05
   1.9000000e-02   1.0580504e+05
   1.9100000e-02   1.0612580e+05
   1.9200000e-02   1.0646379e+05
   1.9300000e-02   1.0682226e+05
   1.9400000e-02   1.0720479e+05
   1.9500000e-02   1.0761527e+05
   1.9600000e-02   1.0805779e+05
   1.9700000e-02   1.0853667e+05
   1.9800000e-02   1.0905630e+05
   1.9900000e-02   1.0962112e+05
   2.0000000e-02   1.1023543e+05
   2.0100000e-02   1.1090333e+05
   2.0200000e-02   1.1162854e+05
   2.0300000e-02   1.1241426e+05
   2.0400000e-02   1.1326298e+05
   2.0500000e-02   1.1417636e+05
   2.0600000e-02   1.1515501e+05
   2.0700000e-02   1.1619833e+05
   2.0800000e-02   1.1730441e+05
   2.0900000e-02   1.1846986e+05
   2.1000000e-02   1.1968973e+05
   2.1100000e-02   1.2095746e+05
   2.1200000e-02   1.2226493e+05
   2.1300000e-02   1.2360257e+05
   2.1400000e-02   1.2495965e+05
   2.1500000e-02   1.2632486e+05
   2.1600000e-02   1.2768709e+05
   2.1700000e-02   1.2903687e+05
   2.1800000e-02   1.3036819e+05
   2.1900000e-02   1.3168111e+05
   2.2000000e-02   1.3298481e+05
   2.2100000e-02   1.3430074e+05
   2.2200000e-02   1.3566523e+05
   2.2300000e-02   1.3713026e+05
   2.2400000e-02   1.3876101e+05
   2.2500000e-02   1.4062882e+05
   2.2600000e-02   1.4279879e+05
   2.2700000e-02   1.4531244e+05
   2.2800000e-02   1.4816763e+05
   2.2900000e-02   1.5129980e+05
   2.3000000e-02   1.5456996e+05
   2.3100000e-02   1.5776455e+05
   2.3200000e-02   1.6061098e+05
   2.3300000e-02   1.6280886e+05
   2.3400000e-02   1.6407289e+05
   2.3500000e-02   1.6417926e+05
   2.3600000e-02   1.6300554e+05
   2.3700000e-02   1.6055450e+05
   2.3800000e-02   1.5695612e+05
   2.3900000e-02   1.5244697e+05
   2.4000000e-02   1.4733224e+05
   2.4100000e-02   1.4193910e+05
   2.4200000e-02   1.3657181e+05
   2.4300000e-02   1.3147725e+05
   2.4400000e-02   1.2682573e+05
   2.4500000e-02   1.2270795e+05
   2.4600000e-02   1.1914493e+05
   2.4700000e-02   1.1610589e+05
   2.4800000e-02   1.1352854e+05
   2.4900000e-02   1.1133743e+05
   2.5000000e-02   1.0945778e+05
   2.5100000e-02   1.0782395e+05
   2.5200000e-02   1.0638319e+05
   2.5300000e-02   1.0509584e+05
   2.5400000e-02   1.0393358e+05
   2.5500000e-02   1.0287682e+05
   2.5600000e-02   1.0191207e+05
   2.5700000e-02   1.0102978e+05
   2.5800000e-02   1.0022272e+05
   2.5900000e-02   9.9484929e+04
   2.6000000e-02   9.8811111e+04
   2.6100000e-02   9.8196272e+04
   2.6200000e-02   9.7635595e+04
   2.6300000e-02   9.7124406e+04
   2.6400000e-02   9.6658191e+04
   2.6500000e-02   9.6232630e+04
   2.6600000e-02   9.5843641e+04
   2.6700000e-02   9.5487409e+04
   2.6800000e-02   9.5160413e+04
   2.6900000e-02   9.4859436e+04
   2.7000000e-02   9.4581570e+04
   2.7100000e-02   9.4324211e+04
   2.7200000e-02   9.4085050e+04
   2.7300000e-02   9.3862052e+04
   2.7400000e-02   9.3653442e+04
   2.7500000e-02   9.3457679e+04
   2.7600000e-02   9.3273435e+04
   2.7700000e-02   9.3099570e+04
   2.7800000e-02   9.2935115e+04
   2.7900000e-02   9.2779240e+04
   2.8000000e-02   9.2631243e+04
   2.8100000e-02   9.2490529e+04
   2.8200000e-02   9.2356590e+04
   2.8300000e-02   9.2228994e+04
   2.8400000e-02   9.2107371e+04
   2.8500000e-02   9.1991400e+04
   2.8600000e-02   9.1880802e+04
   2.8700000e-02   9.1775331e+04
   2.8800000e-02   9.1674767e+04
   2.8900000e-02   9.1578910e+04
   2.9000000e-02   9.1487578e+04
   2.9100000e-02   9.1400599e+04
   2.9200000e-02   9.1317814e+04
   2.9300000e-02   9.1239070e+04
   2.9400000e-02   9.1164220e+04
   2.9500000e-02   9.1093122e+04
   2.9600000e-02   9.1025638e+04
   2.9700000e-02   9.0961634e+04
   2.9800000e-02   9.0900978e+04
   2.9900000e-02   9.0843540e+04
   3.0000000e-02   9.0789195e+04
   3.0100000e-02   9.0737816e+04
   3.0200000e-02   9.0689283e+04
   3.0300000e-02   9.0643476e+04
   3.0400000e-02   9.0600276e+04
   3.0500000e-02   9.0559570e+04
   3.0600000e-02   9.0521244e+04
   3.0700000e-02   9.0485191e+04
   3.0800000e-02   9.0451303e+04
   3.0900000e-02   9.0419476e+04
   3.1000000e-02   9.0389610e+04
   3.1100000e-02   9.0361607e+04
   3.1200000e-02   9.0335373e+04
   3.1300000e-02   9.0310815e+04
   3.1400000e-02   9.0287846e+04
   3.1500000e-02   9.0266380e+04
   3.1600000e-02   9.0246335e+04
   3.1700000e-02   9.0227633e+04
   3.1800000e-02   9.0210198e+04
   3.1900000e-02   9.0193956e+04
   3.2000000e-02   9.0178840e+04
   3.2100000e-02   9.0164781e+04
   3.2200000e-02   9.0151717e+04
   3.2300000e-02   9.0139587e+04
   3.2400000e-02   9.0128334e+04
   3.2500000e-02   9.0117901e+04
   3.2600000e-02   9.0108238e+04
   3.2700000e-02   9.0099295e+04
   3.2800000e-02   9.0091024e+04
   3.2900000e-02   9.0083381e+04
   3.3000000e-02   9.0076325e+04
   3.3100000e-02   9.0069814e+04
   3.3200000e-02   9.0063813e+04
   3.3300000e-02   9.0058285e+04
   3.3400000e-02   9.0053197e+04
   3.3500000e-02   9.0002370e+04
