   1.0000000e-04   9.0002103e+04
   2.0000000e-04   9.0002485e+04
   3.0000000e-04   9.0002931e+04
   4.0000000e-04   9.0003452e+04
   5.0000000e-04   9.0004059e+04
   6.0000000e-04   9.0004765e+04
   7.0000000e-04   9.0005585e+04
   8.0000000e-04   9.0006535e+04
   9.0000000e-04   9.0007634e+04
   1.0000000e-03   9.0008904e+04
   1.1000000e-03   9.0010368e+04
   1.2000000e-03   9.0012054e+04
   1.3000000e-03   9.0013992e+04
   1.4000000e-03   9.0016214e+04
   1.5000000e-03   9.0018760e+04
   1.6000000e-03   9.0021670e+04
   1.7000000e-03   9.0024992e+04
   1.8000000e-03   9.0028776e+04
   1.9000000e-03   9.0033080e+04
   2.0000000e-03   9.0037966e+04
   2.1000000e-03   9.0043504e+04
   2.2000000e-03   9.0049770e+04
   2.3000000e-03   9.0056847e+04
   2.4000000e-03   9.0064825e+04
   2.5000000e-03   9.0073804e+04
   2.6000000e-03   9.0083892e+04
   2.7000000e-03   9.0095204e+04
   2.8000000e-03   9.0107869e+04
   2.9000000e-03   9.0122021e+04
   3.0000000e-03   9.0137808e+04
   3.1000000e-03   9.0155387e+04
   3.2000000e-03   9.0174927e+04
   3.3000000e-03   9.0196607e+04
   3.4000000e-03   9.0220618e+04
   3.5000000e-03   9.0247163e+04
   3.6000000e-03   9.0276457e+04
   3.7000000e-03   9.0308724e+04
   3.8000000e-03   9.0344204e+04
   3.9000000e-03   9.0383143e+04
   4.0000000e-03   9.0425802e+04
   4.1000000e-03   9.0472448e+04
   4.2000000e-03   9.0523361e+04
   4.3000000e-03   9.0578829e+04
   4.4000000e-03   9.0639145e+04
   4.5000000e-03   9.0704612e+04
   4.6000000e-03   9.0775535e+04
   4.7000000e-03   9.0852225e+04
   4.8000000e-03   9.0934994e+04
   4.9000000e-03   9.1024155e+04
   5.0000000e-03   9.1120019e+04
   5.1000000e-03   9.1222896e+04
   5.2000000e-03   9.1333090e+04
   5.3000000e-03   9.1450903e+04
   5.4000000e-03   9.1576630e+04
   5.5000000e-03   9.1710565e+04
   5.6000000e-03   9.1853001e+04
   5.7000000e-03   9.2004241e+04
   5.8000000e-03   9.2164604e+04
   5.9000000e-03   9.2334446e+04
   6.0000000e-03   9.2514184e+04
   6.1000000e-03   9.2704326e+04
   6.2000000e-03   9.2905526e+04
   6.3000000e-03   9.3118642e+04
   6.4000000e-03   9.3344820e+04
   6.5000000e-03   9.3585596e+04
   6.6000000e-03   9.3843022e+04
   6.7000000e-03   9.4119813e+04
   6.8000000e-03   9.4419519e+04
   6.9000000e-03   9.4746707e+04
   7.0000000e-03   9.5107153e+04
   7.1000000e-03   9.5508026e+04
   7.2000000e-03   9.5958042e+04
   7.3000000e-03   9.6467573e+04
   7.4000000e-03   9.7048670e+04
   7.5000000e-03   9.7714981e+04
   7.6000000e-03   9.8481514e+04
   7.7000000e-03   9.9364236e+04
   7.8000000e-03   1.0037947e+05
   7.9000000e-03   1.0154309e+05
   8.0000000e-03   1.0286949e+05
   8.1000000e-03   1.0437042e+05
   8.2000000e-03   1.0605363e+05
   8.3000000e-03   1.0792154e+05
   8.4000000e-03   1.0996992e+05
   8.5000000e-03   1.1218679e+05
   8.6000000e-03   1.1455188e+05
   8.7000000e-03   1.1703719e+05
   8.8000000e-03   1.1961001e+05
   8.9000000e-03   1.2224099e+05
   9.0000000e-03   1.2492123e+05
   9.1000000e-03   1.2769182e+05
   9.2000000e-03   1.3068396e+05
   9.3000000e-03   1.3415268e+05
   9.4000000e-03   1.3846724e+05
   9.5000000e-03   1.4401050e+05
   9.6000000e-03   1.5096601e+05
   9.7000000e-03   1.5904698e+05
   9.8000000e-03   1.6731487e+05
   9.9000000e-03   1.7426464e+05
   1.0000000e-02   1.7824852e+05
   1.0100000e-02   1.7809762e+05
   1.0200000e-02   1.7362682e+05
   1.0300000e-02   1.6573102e+05
   1.0400000e-02   1.5601366e+05
   1.0500000e-02   1.4616585e+05
   1.0600000e-02   1.3743073e+05
   1.0700000e-02   1.3037860e+05
   1.0800000e-02   1.2499933e+05
   1.0900000e-02   1.2095941e+05
   1.1000000e-02   1.1785137e+05
   1.1100000e-02   1.1534200e+05
   1.1200000e-02   1.1321576e+05
   1.1300000e-02   1.1135597e+05
   1.1400000e-02   1.0970743e+05
   1.1500000e-02   1.0824480e+05
   1.1600000e-02   1.0695366e+05
   1.1700000e-02   1.0582146e+05
   1.1800000e-02   1.0483460e+05
   1.1900000e-02   1.0397802e+05
   1.2000000e-02   1.0323583e+05
   1.2100000e-02   1.0259211e+05
   1.2200000e-02   1.0203160e+05
   1.2300000e-02   1.0154021e+05
   1.2400000e-02   1.0110541e+05
   1.2500000e-02   1.0071634e+05
   1.2600000e-02   1.0036390e+05
   1.2700000e-02   1.0004064e+05
   1.2800000e-02   9.9740684e+04
   1.2900000e-02   9.9459508e+04
   1.3000000e-02   9.9193766e+04
   1.3100000e-02   9.8941086e+04
   1.3200000e-02   9.8699886e+04
   1.3300000e-02   9.8469201e+04
   1.3400000e-02   9.8248535e+04
   1.3500000e-02   9.8037736e+04
   1.3600000e-02   9.7836898e+04
   1.3700000e-02   9.7646272e+04
   1.3800000e-02   9.7466208e+04
   1.3900000e-02   9.7297106e+04
   1.4000000e-02   9.7139379e+04
   1.4100000e-02   9.6993430e+04
   1.4200000e-02   9.6859628e+04
   1.4300000e-02   9.6738302e+04
   1.4400000e-02   9.6629731e+04
   1.4500000e-02   9.6534137e+04
   1.4600000e-02   9.6451685e+04
   1.4700000e-02   9.6382482e+04
   1.4800000e-02   9.6326576e+04
   1.4900000e-02   9.6283961e+04
   1.5000000e-02   9.6254573e+04
   1.5100000e-02   9.6238298e+04
   1.5200000e-02   9.6234971e+04
   1.5300000e-02   9.6244383e+04
   1.5400000e-02   9.6266279e+04
   1.5500000e-02   9.6300364e+04
   1.5600000e-02   9.6346306e+04
   1.5700000e-02   9.6403739e+04
   1.5800000e-02   9.6472266e+04
   1.5900000e-02   9.6551462e+04
   1.6000000e-02   9.6640878e+04
   1.6100000e-02   9.6740042e+04
   1.6200000e-02   9.6848465e+04
   1.6300000e-02   9.6965640e+04
   1.6400000e-02   9.7091049e+04
   1.6500000e-02   9.7224165e+04
   1.6600000e-02   9.7364453e+04
   1.6700000e-02   9.7511375e+04
   1.6800000e-02   9.7664392e+04
   1.6900000e-02   9.7822969e+04
   1.7000000e-02   9.7986580e+04
   1.7100000e-02   9.8154708e+04
   1.7200000e-02   9.8326852e+04
   1.7300000e-02   9.8502536e+04
   1.7400000e-02   9.8681307e+04
   1.7500000e-02   9.8862751e+04
   1.7600000e-02   9.9046493e+04
   1.7700000e-02   9.9232213e+04
   1.7800000e-02   9.9419651e+04
   1.7900000e-02   9.9608622e+04
   1.8000000e-02   9.9799025e+04
   1.8100000e-02   9.9990863e+04
   1.8200000e-02   1.0018425e+05
   1.8300000e-02   1.0037945e+05
   1.8400000e-02   1.0057685e+05
   1.8500000e-02   1.0077703e+05
   1.8600000e-02   1.0098076e+05
   1.8700000e-02   1.0118898e+05
   1.8800000e-02   1.0140290e+05
   1.8900000e-02   1.0162394e+05
   1.9000000e-02   1.0185378e+05
   1.9100000e-02   1.0209435e+05
   1.9200000e-02   1.0234784e+05
   1.9300000e-02   1.0261669e+05
   1.9400000e-02   1.0290360e+05
   1.9500000e-02   1.0321145e+05
   1.9600000e-02   1.0354335e+05
   1.9700000e-02   1.0390250e+05
   1.9800000e-02   1.0429223e+05
   1.9900000e-02   1.0471584e+05
   2.0000000e-02   1.0517657e+05
   2.0100000e-02   1.0567749e+05
   2.0200000e-02   1.0622140e+05
   2.0300000e-02   1.0681069e+05
   2.0400000e-02   1.0744724e+05
   2.0500000e-02   1.0813227e+05
   2.0600000e-02   1.0886626e+05
   2.0700000e-02   1.0964875e+05
   2.0800000e-02   1.1047831e+05
   2.0900000e-02   1.1135240e+05
   2.1000000e-02   1.1226730e+05
   2.1100000e-02   1.1321810e+05
   2.1200000e-02   1.1419870e+05
   2.1300000e-02   1.1520193e+05
   2.1400000e-02   1.1621974e+05
   2.1500000e-02   1.1724364e+05
   2.1600000e-02   1.1826532e+05
   2.1700000e-02   1.1927765e+05
   2.1800000e-02   1.2027614e+05
   2.1900000e-02   1.2126083e+05
   2.2000000e-02   1.2223861e+05
   2.2100000e-02   1.2322555e+05
   2.2200000e-02   1.2424892e+05
   2.2300000e-02   1.2534770e+05
   2.2400000e-02   1.2657076e+05
   2.2500000e-02   1.2797161e+05
   2.2600000e-02   1.2959909e+05
   2.2700000e-02   1.3148433e+05
   2.2800000e-02   1.3362572e+05
   2.2900000e-02   1.3597485e+05
   2.3000000e-02   1.3842747e+05
   2.3100000e-02   1.4082342e+05
   2.3200000e-02   1.4295824e+05
   2.3300000e-02   1.4460665e+05
   2.3400000e-02   1.4555467e+05
   2.3500000e-02   1.4563445e+05
   2.3600000e-02   1.4475415e+05
   2.3700000e-02   1.4291588e+05
   2.3800000e-02   1.4021709e+05
   2.3900000e-02   1.3683523e+05
   2.4000000e-02   1.3299918e+05
   2.4100000e-02   1.2895433e+05
   2.4200000e-02   1.2492886e+05
   2.4300000e-02   1.2110794e+05
   2.4400000e-02   1.1761930e+05
   2.4500000e-02   1.1453096e+05
   2.4600000e-02   1.1185870e+05
   2.4700000e-02   1.0957942e+05
   2.4800000e-02   1.0764640e+05
   2.4900000e-02   1.0600307e+05
   2.5000000e-02   1.0459333e+05
   2.5100000e-02   1.0336796e+05
   2.5200000e-02   1.0228739e+05
   2.5300000e-02   1.0132188e+05
   2.5400000e-02   1.0045019e+05
   2.5500000e-02   9.9657616e+04
   2.5600000e-02   9.8934055e+04
   2.5700000e-02   9.8272335e+04
   2.5800000e-02   9.7667037e+04
   2.5900000e-02   9.7113697e+04
   2.6000000e-02   9.6608333e+04
   2.6100000e-02   9.6147204e+04
   2.6200000e-02   9.5726696e+04
   2.6300000e-02   9.5343304e+04
   2.6400000e-02   9.4993643e+04
   2.6500000e-02   9.4674472e+04
   2.6600000e-02   9.4382731e+04
   2.6700000e-02   9.4115557e+04
   2.6800000e-02   9.3870310e+04
   2.6900000e-02   9.3644577e+04
   2.7000000e-02   9.3436177e+04
   2.7100000e-02   9.3243159e+04
   2.7200000e-02   9.3063788e+04
   2.7300000e-02   9.2896539e+04
   2.7400000e-02   9.2740082e+04
   2.7500000e-02   9.2593259e+04
   2.7600000e-02   9.2455076e+04
   2.7700000e-02   9.2324678e+04
   2.7800000e-02   9.2201336e+04
   2.7900000e-02   9.2084430e+04
   2.8000000e-02   9.1973432e+04
   2.8100000e-02   9.1867897e+04
   2.8200000e-02   9.1767443e+04
   2.8300000e-02   9.1671746e+04
   2.8400000e-02   9.1580528e+04
   2.8500000e-02   9.1493550e+04
   2.8600000e-02   9.1410601e+04
   2.8700000e-02   9.1331498e+04
   2.8800000e-02   9.1256075e+04
   2.8900000e-02   9.1184183e+04
   2.9000000e-02   9.1115683e+04
   2.9100000e-02   9.1050449e+04
   2.9200000e-02   9.0988361e+04
   2.9300000e-02   9.0929302e+04
   2.9400000e-02   9.0873165e+04
   2.9500000e-02   9.0819841e+04
   2.9600000e-02   9.0769228e+04
   2.9700000e-02   9.0721225e+04
   2.9800000e-02   9.0675733e+04
   2.9900000e-02   9.0632655e+04
   3.0000000e-02   9.0591896e+04
   3.0100000e-02   9.0553362e+04
   3.0200000e-02   9.0516962e+04
   3.0300000e-02   9.0482607e+04
   3.0400000e-02   9.0450207e+04
   3.0500000e-02   9.0419677e+04
   3.0600000e-02   9.0390933e+04
   3.0700000e-02   9.0363893e+04
   3.0800000e-02   9.0338477e+04
   3.0900000e-02   9.0314607e+04
   3.1000000e-02   9.0292208e+04
   3.1100000e-02   9.0271205e+04
   3.1200000e-02   9.0251529e+04
   3.1300000e-02   9.0233111e+04
   3.1400000e-02   9.0215884e+04
   3.1500000e-02   9.0199785e+04
   3.1600000e-02   9.0184751e+04
   3.1700000e-02   9.0170725e+04
   3.1800000e-02   9.0157648e+04
   3.1900000e-02   9.0145467e+04
   3.2000000e-02   9.0134130e+04
   3.2100000e-02   9.0123586e+04
   3.2200000e-02   9.0113788e+04
   3.2300000e-02   9.0104690e+04
   3.2400000e-02   9.0096250e+04
   3.2500000e-02   9.0088426e+04
   3.2600000e-02   9.0081179e+04
   3.2700000e-02   9.0074471e+04
   3.2800000e-02   9.0068268e+04
   3.2900000e-02   9.0062536e+04
   3.3000000e-02   9.0057243e+04
   3.3100000e-02   9.0052361e+04
   3.3200000e-02   9.0047860e+04
   3.3300000e-02   9.0043714e+04
   3.3400000e-02   9.0039898e+04
   3.3500000e-02   9.0001777e+04
