   1.0000000e-04   9.0007011e+03
   2.0000000e-04   9.0008284e+03
   3.0000000e-04   9.0009771e+03
   4.0000000e-04   9.0011508e+03
   5.0000000e-04   9.0013530e+03
   6.0000000e-04   9.0015883e+03
   7.0000000e-04   9.0018615e+03
   8.0000000e-04   9.0021782e+03
   9.0000000e-04   9.0025446e+03
   1.0000000e-03   9.0029679e+03
   1.1000000e-03   9.0034561e+03
   1.2000000e-03   9.0040180e+03
   1.3000000e-03   9.0046638e+03
   1.4000000e-03   9.0054048e+03
   1.5000000e-03   9.0062533e+03
   1.6000000e-03   9.0072234e+03
   1.7000000e-03   9.0083306e+03
   1.8000000e-03   9.0095920e+03
   1.9000000e-03   9.0110266e+03
   2.0000000e-03   9.0126554e+03
   2.1000000e-03   9.0145015e+03
   2.2000000e-03   9.0165901e+03
   2.3000000e-03   9.0189489e+03
   2.4000000e-03   9.0216084e+03
   2.5000000e-03   9.0246014e+03
   2.6000000e-03   9.0279639e+03
   2.7000000e-03   9.0317348e+03
   2.8000000e-03   9.0359562e+03
   2.9000000e-03   9.0406737e+03
   3.0000000e-03   9.0459361e+03
   3.1000000e-03   9.0517958e+03
   3.2000000e-03   9.0583090e+03
   3.3000000e-03   9.0655356e+03
   3.4000000e-03   9.0735393e+03
   3.5000000e-03   9.0823877e+03
   3.6000000e-03   9.0921522e+03
   3.7000000e-03   9.1029082e+03
   3.8000000e-03   9.1147346e+03
   3.9000000e-03   9.1277144e+03
   4.0000000e-03   9.1419339e+03
   4.1000000e-03   9.1574827e+03
   4.2000000e-03   9.1744538e+03
   4.3000000e-03   9.1929430e+03
   4.4000000e-03   9.2130484e+03
   4.5000000e-03   9.2348706e+03
   4.6000000e-03   9.2585116e+03
   4.7000000e-03   9.2840749e+03
   4.8000000e-03   9.3116646e+03
   4.9000000e-03   9.3413849e+03
   5.0000000e-03   9.3733397e+03
   5.1000000e-03   9.4076320e+03
   5.2000000e-03   9.4443635e+03
   5.3000000e-03   9.4836344e+03
   5.4000000e-03   9.5255433e+03
   5.5000000e-03   9.5701882e+03
   5.6000000e-03   9.6176669e+03
   5.7000000e-03   9.6680802e+03
   5.8000000e-03   9.7215346e+03
   5.9000000e-03   9.7781488e+03
   6.0000000e-03   9.8380612e+03
   6.1000000e-03   9.9014420e+03
   6.2000000e-03   9.9685087e+03
   6.3000000e-03   1.0039547e+04
   6.4000000e-03   1.0114940e+04
   6.5000000e-03   1.0195199e+04
   6.6000000e-03   1.0281007e+04
   6.7000000e-03   1.0373271e+04
   6.8000000e-03   1.0473173e+04
   6.9000000e-03   1.0582236e+04
   7.0000000e-03   1.0702384e+04
   7.1000000e-03   1.0836009e+04
   7.2000000e-03   1.0986014e+04
   7.3000000e-03   1.1155858e+04
   7.4000000e-03   1.1349557e+04
   7.5000000e-03   1.1571660e+04
   7.6000000e-03   1.1827171e+04
   7.7000000e-03   1.2121412e+04
   7.8000000e-03   1.2459824e+04
   7.9000000e-03   1.2847697e+04
   8.0000000e-03   1.3289831e+04
   8.1000000e-03   1.3790139e+04
   8.2000000e-03   1.4351209e+04
   8.3000000e-03   1.4973846e+04
   8.4000000e-03   1.5656639e+04
   8.5000000e-03   1.6395596e+04
   8.6000000e-03   1.7183961e+04
   8.7000000e-03   1.8012397e+04
   8.8000000e-03   1.8870003e+04
   8.9000000e-03   1.9746998e+04
   9.0000000e-03   2.0640409e+04
   9.1000000e-03   2.1563940e+04
   9.2000000e-03   2.2561320e+04
   9.3000000e-03   2.3717562e+04
   9.4000000e-03   2.5155746e+04
   9.5000000e-03   2.7003500e+04
   9.6000000e-03   2.9322002e+04
   9.7000000e-03   3.2015659e+04
   9.8000000e-03   3.4771623e+04
   9.9000000e-03   3.7088213e+04
   1.0000000e-02   3.8416172e+04
   1.0100000e-02   3.8365872e+04
   1.0200000e-02   3.6875606e+04
   1.0300000e-02   3.4243674e+04
   1.0400000e-02   3.1004555e+04
   1.0500000e-02   2.7721951e+04
   1.0600000e-02   2.4810243e+04
   1.0700000e-02   2.2459533e+04
   1.0800000e-02   2.0666443e+04
   1.0900000e-02   1.9319804e+04
   1.1000000e-02   1.8283791e+04
   1.1100000e-02   1.7447334e+04
   1.1200000e-02   1.6738586e+04
   1.1300000e-02   1.6118658e+04
   1.1400000e-02   1.5569142e+04
   1.1500000e-02   1.5081602e+04
   1.1600000e-02   1.4651219e+04
   1.1700000e-02   1.4273820e+04
   1.1800000e-02   1.3944867e+04
   1.1900000e-02   1.3659341e+04
   1.2000000e-02   1.3411945e+04
   1.2100000e-02   1.3197371e+04
   1.2200000e-02   1.3010532e+04
   1.2300000e-02   1.2846737e+04
   1.2400000e-02   1.2701803e+04
   1.2500000e-02   1.2572114e+04
   1.2600000e-02   1.2454632e+04
   1.2700000e-02   1.2346880e+04
   1.2800000e-02   1.2246895e+04
   1.2900000e-02   1.2153169e+04
   1.3000000e-02   1.2064589e+04
   1.3100000e-02   1.1980362e+04
   1.3200000e-02   1.1899962e+04
   1.3300000e-02   1.1823067e+04
   1.3400000e-02   1.1749512e+04
   1.3500000e-02   1.1679245e+04
   1.3600000e-02   1.1612299e+04
   1.3700000e-02   1.1548757e+04
   1.3800000e-02   1.1488736e+04
   1.3900000e-02   1.1432369e+04
   1.4000000e-02   1.1379793e+04
   1.4100000e-02   1.1331143e+04
   1.4200000e-02   1.1286543e+04
   1.4300000e-02   1.1246101e+04
   1.4400000e-02   1.1209910e+04
   1.4500000e-02   1.1178046e+04
   1.4600000e-02   1.1150562e+04
   1.4700000e-02   1.1127494e+04
   1.4800000e-02   1.1108859e+04
   1.4900000e-02   1.1094654e+04
   1.5000000e-02   1.1084858e+04
   1.5100000e-02   1.1079433e+04
   1.5200000e-02   1.1078324e+04
   1.5300000e-02   1.1081461e+04
   1.5400000e-02   1.1088760e+04
   1.5500000e-02   1.1100121e+04
   1.5600000e-02   1.1115435e+04
   1.5700000e-02   1.1134580e+04
   1.5800000e-02   1.1157422e+04
   1.5900000e-02   1.1183821e+04
   1.6000000e-02   1.1213626e+04
   1.6100000e-02   1.1246681e+04
   1.6200000e-02   1.1282822e+04
   1.6300000e-02   1.1321880e+04
   1.6400000e-02   1.1363683e+04
   1.6500000e-02   1.1408055e+04
   1.6600000e-02   1.1454818e+04
   1.6700000e-02   1.1503792e+04
   1.6800000e-02   1.1554797e+04
   1.6900000e-02   1.1607656e+04
   1.7000000e-02   1.1662193e+04
   1.7100000e-02   1.1718236e+04
   1.7200000e-02   1.1775617e+04
   1.7300000e-02   1.1834179e+04
   1.7400000e-02   1.1893769e+04
   1.7500000e-02   1.1954250e+04
   1.7600000e-02   1.2015498e+04
   1.7700000e-02   1.2077404e+04
   1.7800000e-02   1.2139884e+04
   1.7900000e-02   1.2202874e+04
   1.8000000e-02   1.2266342e+04
   1.8100000e-02   1.2330288e+04
   1.8200000e-02   1.2394751e+04
   1.8300000e-02   1.2459816e+04
   1.8400000e-02   1.2525617e+04
   1.8500000e-02   1.2592345e+04
   1.8600000e-02   1.2660252e+04
   1.8700000e-02   1.2729661e+04
   1.8800000e-02   1.2800968e+04
   1.8900000e-02   1.2874648e+04
   1.9000000e-02   1.2951261e+04
   1.9100000e-02   1.3031450e+04
   1.9200000e-02   1.3115947e+04
   1.9300000e-02   1.3205564e+04
   1.9400000e-02   1.3301199e+04
   1.9500000e-02   1.3403817e+04
   1.9600000e-02   1.3514448e+04
   1.9700000e-02   1.3634168e+04
   1.9800000e-02   1.3764076e+04
   1.9900000e-02   1.3905279e+04
   2.0000000e-02   1.4058856e+04
   2.0100000e-02   1.4225831e+04
   2.0200000e-02   1.4407134e+04
   2.0300000e-02   1.4603564e+04
   2.0400000e-02   1.4815746e+04
   2.0500000e-02   1.5044091e+04
   2.0600000e-02   1.5288752e+04
   2.0700000e-02   1.5549583e+04
   2.0800000e-02   1.5826104e+04
   2.0900000e-02   1.6117466e+04
   2.1000000e-02   1.6422433e+04
   2.1100000e-02   1.6739366e+04
   2.1200000e-02   1.7066233e+04
   2.1300000e-02   1.7400642e+04
   2.1400000e-02   1.7739914e+04
   2.1500000e-02   1.8081214e+04
   2.1600000e-02   1.8421773e+04
   2.1700000e-02   1.8759216e+04
   2.1800000e-02   1.9092046e+04
   2.1900000e-02   1.9420278e+04
   2.2000000e-02   1.9746202e+04
   2.2100000e-02   2.0075185e+04
   2.2200000e-02   2.0416308e+04
   2.2300000e-02   2.0782566e+04
   2.2400000e-02   2.1190252e+04
   2.2500000e-02   2.1657204e+04
   2.2600000e-02   2.2199697e+04
   2.2700000e-02   2.2828110e+04
   2.2800000e-02   2.3541906e+04
   2.2900000e-02   2.4324951e+04
   2.3000000e-02   2.5142491e+04
   2.3100000e-02   2.5941139e+04
   2.3200000e-02   2.6652745e+04
   2.3300000e-02   2.7202215e+04
   2.3400000e-02   2.7518222e+04
   2.3500000e-02   2.7544815e+04
   2.3600000e-02   2.7251384e+04
   2.3700000e-02   2.6638625e+04
   2.3800000e-02   2.5739029e+04
   2.3900000e-02   2.4611743e+04
   2.4000000e-02   2.3333061e+04
   2.4100000e-02   2.1984775e+04
   2.4200000e-02   2.0642954e+04
   2.4300000e-02   1.9369313e+04
   2.4400000e-02   1.8206432e+04
   2.4500000e-02   1.7176987e+04
   2.4600000e-02   1.6286232e+04
   2.4700000e-02   1.5526472e+04
   2.4800000e-02   1.4882134e+04
   2.4900000e-02   1.4334356e+04
   2.5000000e-02   1.3864444e+04
   2.5100000e-02   1.3455988e+04
   2.5200000e-02   1.3095798e+04
   2.5300000e-02   1.2773960e+04
   2.5400000e-02   1.2483395e+04
   2.5500000e-02   1.2219205e+04
   2.5600000e-02   1.1978018e+04
   2.5700000e-02   1.1757445e+04
   2.5800000e-02   1.1555679e+04
   2.5900000e-02   1.1371232e+04
   2.6000000e-02   1.1202778e+04
   2.6100000e-02   1.1049068e+04
   2.6200000e-02   1.0908899e+04
   2.6300000e-02   1.0781101e+04
   2.6400000e-02   1.0664548e+04
   2.6500000e-02   1.0558157e+04
   2.6600000e-02   1.0460910e+04
   2.6700000e-02   1.0371852e+04
   2.6800000e-02   1.0290103e+04
   2.6900000e-02   1.0214859e+04
   2.7000000e-02   1.0145392e+04
   2.7100000e-02   1.0081053e+04
   2.7200000e-02   1.0021263e+04
   2.7300000e-02   9.9655131e+03
   2.7400000e-02   9.9133605e+03
   2.7500000e-02   9.8644197e+03
   2.7600000e-02   9.8183586e+03
   2.7700000e-02   9.7748926e+03
   2.7800000e-02   9.7337786e+03
   2.7900000e-02   9.6948099e+03
   2.8000000e-02   9.6578108e+03
   2.8100000e-02   9.6226323e+03
   2.8200000e-02   9.5891475e+03
   2.8300000e-02   9.5572485e+03
   2.8400000e-02   9.5268427e+03
   2.8500000e-02   9.4978499e+03
   2.8600000e-02   9.4702005e+03
   2.8700000e-02   9.4438328e+03
   2.8800000e-02   9.4186917e+03
   2.8900000e-02   9.3947275e+03
   2.9000000e-02   9.3718944e+03
   2.9100000e-02   9.3501498e+03
   2.9200000e-02   9.3294535e+03
   2.9300000e-02   9.3097675e+03
   2.9400000e-02   9.2910549e+03
   2.9500000e-02   9.2732804e+03
   2.9600000e-02   9.2564095e+03
   2.9700000e-02   9.2404085e+03
   2.9800000e-02   9.2252445e+03
   2.9900000e-02   9.2108851e+03
   3.0000000e-02   9.1972987e+03
   3.0100000e-02   9.1844541e+03
   3.0200000e-02   9.1723208e+03
   3.0300000e-02   9.1608689e+03
   3.0400000e-02   9.1500690e+03
   3.0500000e-02   9.1398924e+03
   3.0600000e-02   9.1303111e+03
   3.0700000e-02   9.1212978e+03
   3.0800000e-02   9.1128257e+03
   3.0900000e-02   9.1048691e+03
   3.1000000e-02   9.0974025e+03
   3.1100000e-02   9.0904018e+03
   3.1200000e-02   9.0838431e+03
   3.1300000e-02   9.0777037e+03
   3.1400000e-02   9.0719614e+03
   3.1500000e-02   9.0665949e+03
   3.1600000e-02   9.0615838e+03
   3.1700000e-02   9.0569082e+03
   3.1800000e-02   9.0525494e+03
   3.1900000e-02   9.0484891e+03
   3.2000000e-02   9.0447099e+03
   3.2100000e-02   9.0411953e+03
   3.2200000e-02   9.0379293e+03
   3.2300000e-02   9.0348968e+03
   3.2400000e-02   9.0320834e+03
   3.2500000e-02   9.0294753e+03
   3.2600000e-02   9.0270595e+03
   3.2700000e-02   9.0248237e+03
   3.2800000e-02   9.0227560e+03
   3.2900000e-02   9.0208453e+03
   3.3000000e-02   9.0190811e+03
   3.3100000e-02   9.0174536e+03
   3.3200000e-02   9.0159532e+03
   3.3300000e-02   9.0145712e+03
   3.3400000e-02   9.0132993e+03
   3.3500000e-02   9.0005925e+03
