   1.0000000e-04   1.8000421e+05
   2.0000000e-04   1.8000497e+05
   3.0000000e-04   1.8000586e+05
   4.0000000e-04   1.8000690e+05
   5.0000000e-04   1.8000812e+05
   6.0000000e-04   1.8000953e+05
   7.0000000e-04   1.8001117e+05
   8.0000000e-04   1.8001307e+05
   9.0000000e-04   1.8001527e+05
   1.0000000e-03   1.8001781e+05
   1.1000000e-03   1.8002074e+05
   1.2000000e-03   1.8002411e+05
   1.3000000e-03   1.8002798e+05
   1.4000000e-03   1.8003243e+05
   1.5000000e-03   1.8003752e+05
   1.6000000e-03   1.8004334e+05
   1.7000000e-03   1.8004998e+05
   1.8000000e-03   1.8005755e+05
   1.9000000e-03   1.8006616e+05
   2.0000000e-03   1.8007593e+05
   2.1000000e-03   1.8008701e+05
   2.2000000e-03   1.8009954e+05
   2.3000000e-03   1.8011369e+05
   2.4000000e-03   1.8012965e+05
   2.5000000e-03   1.8014761e+05
   2.6000000e-03   1.8016778e+05
   2.7000000e-03   1.8019041e+05
   2.8000000e-03   1.8021574e+05
   2.9000000e-03   1.8024404e+05
   3.0000000e-03   1.8027562e+05
   3.1000000e-03   1.8031077e+05
   3.2000000e-03   1.8034985e+05
   3.3000000e-03   1.8039321e+05
   3.4000000e-03   1.8044124e+05
   3.5000000e-03   1.8049433e+05
   3.6000000e-03   1.8055291e+05
   3.7000000e-03   1.8061745e+05
   3.8000000e-03   1.8068841e+05
   3.9000000e-03   1.8076629e+05
   4.0000000e-03   1.8085160e+05
   4.1000000e-03   1.8094490e+05
   4.2000000e-03   1.8104672e+05
   4.3000000e-03   1.8115766e+05
   4.4000000e-03   1.8127829e+05
   4.5000000e-03   1.8140922e+05
   4.6000000e-03   1.8155107e+05
   4.7000000e-03   1.8170445e+05
   4.8000000e-03   1.8186999e+05
   4.9000000e-03   1.8204831e+05
   5.0000000e-03   1.8224004e+05
   5.1000000e-03   1.8244579e+05
   5.2000000e-03   1.8266618e+05
   5.3000000e-03   1.8290181e+05
   5.4000000e-03   1.8315326e+05
   5.5000000e-03   1.8342113e+05
   5.6000000e-03   1.8370600e+05
   5.7000000e-03   1.8400848e+05
   5.8000000e-03   1.8432921e+05
   5.9000000e-03   1.8466889e+05
   6.0000000e-03   1.8502837e+05
   6.1000000e-03   1.8540865e+05
   6.2000000e-03   1.8581105e+05
   6.3000000e-03   1.8623728e+05
   6.4000000e-03   1.8668964e+05
   6.5000000e-03   1.8717119e+05
   6.6000000e-03   1.8768604e+05
   6.7000000e-03   1.8823963e+05
   6.8000000e-03   1.8883904e+05
   6.9000000e-03   1.8949341e+05
   7.0000000e-03   1.9021431e+05
   7.1000000e-03   1.9101605e+05
   7.2000000e-03   1.9191608e+05
   7.3000000e-03   1.9293515e+05
   7.4000000e-03   1.9409734e+05
   7.5000000e-03   1.9542996e+05
   7.6000000e-03   1.9696303e+05
   7.7000000e-03   1.9872847e+05
   7.8000000e-03   2.0075895e+05
   7.9000000e-03   2.0308618e+05
   8.0000000e-03   2.0573899e+05
   8.1000000e-03   2.0874084e+05
   8.2000000e-03   2.1210725e+05
   8.3000000e-03   2.1584308e+05
   8.4000000e-03   2.1993983e+05
   8.5000000e-03   2.2437358e+05
   8.6000000e-03   2.2910376e+05
   8.7000000e-03   2.3407438e+05
   8.8000000e-03   2.3922002e+05
   8.9000000e-03   2.4448199e+05
   9.0000000e-03   2.4984245e+05
   9.1000000e-03   2.5538364e+05
   9.2000000e-03   2.6136792e+05
   9.3000000e-03   2.6830537e+05
   9.4000000e-03   2.7693448e+05
   9.5000000e-03   2.8802100e+05
   9.6000000e-03   3.0193201e+05
   9.7000000e-03   3.1809395e+05
   9.8000000e-03   3.3462974e+05
   9.9000000e-03   3.4852928e+05
   1.0000000e-02   3.5649703e+05
   1.0100000e-02   3.5619523e+05
   1.0200000e-02   3.4725364e+05
   1.0300000e-02   3.3146204e+05
   1.0400000e-02   3.1202733e+05
   1.0500000e-02   2.9233170e+05
   1.0600000e-02   2.7486146e+05
   1.0700000e-02   2.6075720e+05
   1.0800000e-02   2.4999866e+05
   1.0900000e-02   2.4191882e+05
   1.1000000e-02   2.3570275e+05
   1.1100000e-02   2.3068400e+05
   1.1200000e-02   2.2643152e+05
   1.1300000e-02   2.2271195e+05
   1.1400000e-02   2.1941485e+05
   1.1500000e-02   2.1648961e+05
   1.1600000e-02   2.1390731e+05
   1.1700000e-02   2.1164292e+05
   1.1800000e-02   2.0966920e+05
   1.1900000e-02   2.0795604e+05
   1.2000000e-02   2.0647167e+05
   1.2100000e-02   2.0518423e+05
   1.2200000e-02   2.0406319e+05
   1.2300000e-02   2.0308042e+05
   1.2400000e-02   2.0221082e+05
   1.2500000e-02   2.0143268e+05
   1.2600000e-02   2.0072779e+05
   1.2700000e-02   2.0008128e+05
   1.2800000e-02   1.9948137e+05
   1.2900000e-02   1.9891902e+05
   1.3000000e-02   1.9838753e+05
   1.3100000e-02   1.9788217e+05
   1.3200000e-02   1.9739977e+05
   1.3300000e-02   1.9693840e+05
   1.3400000e-02   1.9649707e+05
   1.3500000e-02   1.9607547e+05
   1.3600000e-02   1.9567380e+05
   1.3700000e-02   1.9529254e+05
   1.3800000e-02   1.9493242e+05
   1.3900000e-02   1.9459421e+05
   1.4000000e-02   1.9427876e+05
   1.4100000e-02   1.9398686e+05
   1.4200000e-02   1.9371926e+05
   1.4300000e-02   1.9347660e+05
   1.4400000e-02   1.9325946e+05
   1.4500000e-02   1.9306827e+05
   1.4600000e-02   1.9290337e+05
   1.4700000e-02   1.9276496e+05
   1.4800000e-02   1.9265315e+05
   1.4900000e-02   1.9256792e+05
   1.5000000e-02   1.9250915e+05
   1.5100000e-02   1.9247660e+05
   1.5200000e-02   1.9246994e+05
   1.5300000e-02   1.9248877e+05
   1.5400000e-02   1.9253256e+05
   1.5500000e-02   1.9260073e+05
   1.5600000e-02   1.9269261e+05
   1.5700000e-02   1.9280748e+05
   1.5800000e-02   1.9294453e+05
   1.5900000e-02   1.9310292e+05
   1.6000000e-02   1.9328176e+05
   1.6100000e-02   1.9348008e+05
   1.6200000e-02   1.9369693e+05
   1.6300000e-02   1.9393128e+05
   1.6400000e-02   1.9418210e+05
   1.6500000e-02   1.9444833e+05
   1.6600000e-02   1.9472891e+05
   1.6700000e-02   1.9502275e+05
   1.6800000e-02   1.9532878e+05
   1.6900000e-02   1.9564594e+05
   1.7000000e-02   1.9597316e+05
   1.7100000e-02   1.9630942e+05
   1.7200000e-02   1.9665370e+05
   1.7300000e-02   1.9700507e+05
   1.7400000e-02   1.9736261e+05
   1.7500000e-02   1.9772550e+05
   1.7600000e-02   1.9809299e+05
   1.7700000e-02   1.9846443e+05
   1.7800000e-02   1.9883930e+05
   1.7900000e-02   1.9921724e+05
   1.8000000e-02   1.9959805e+05
   1.8100000e-02   1.9998173e+05
   1.8200000e-02   2.0036851e+05
   1.8300000e-02   2.0075890e+05
   1.8400000e-02   2.0115370e+05
   1.8500000e-02   2.0155407e+05
   1.8600000e-02   2.0196151e+05
   1.8700000e-02   2.0237796e+05
   1.8800000e-02   2.0280581e+05
   1.8900000e-02   2.0324789e+05
   1.9000000e-02   2.0370757e+05
   1.9100000e-02   2.0418870e+05
   1.9200000e-02   2.0469568e+05
   1.9300000e-02   2.0523339e+05
   1.9400000e-02   2.0580719e+05
   1.9500000e-02   2.0642290e+05
   1.9600000e-02   2.0708669e+05
   1.9700000e-02   2.0780501e+05
   1.9800000e-02   2.0858446e+05
   1.9900000e-02   2.0943167e+05
   2.0000000e-02   2.1035314e+05
   2.0100000e-02   2.1135499e+05
   2.0200000e-02   2.1244281e+05
   2.0300000e-02   2.1362138e+05
   2.0400000e-02   2.1489448e+05
   2.0500000e-02   2.1626455e+05
   2.0600000e-02   2.1773251e+05
   2.0700000e-02   2.1929750e+05
   2.0800000e-02   2.2095662e+05
   2.0900000e-02   2.2270480e+05
   2.1000000e-02   2.2453460e+05
   2.1100000e-02   2.2643619e+05
   2.1200000e-02   2.2839740e+05
   2.1300000e-02   2.3040385e+05
   2.1400000e-02   2.3243948e+05
   2.1500000e-02   2.3448729e+05
   2.1600000e-02   2.3653064e+05
   2.1700000e-02   2.3855530e+05
   2.1800000e-02   2.4055228e+05
   2.1900000e-02   2.4252167e+05
   2.2000000e-02   2.4447721e+05
   2.2100000e-02   2.4645111e+05
   2.2200000e-02   2.4849785e+05
   2.2300000e-02   2.5069539e+05
   2.2400000e-02   2.5314151e+05
   2.2500000e-02   2.5594322e+05
   2.2600000e-02   2.5919818e+05
   2.2700000e-02   2.6296866e+05
   2.2800000e-02   2.6725144e+05
   2.2900000e-02   2.7194970e+05
   2.3000000e-02   2.7685495e+05
   2.3100000e-02   2.8164683e+05
   2.3200000e-02   2.8591647e+05
   2.3300000e-02   2.8921329e+05
   2.3400000e-02   2.9110933e+05
   2.3500000e-02   2.9126889e+05
   2.3600000e-02   2.8950830e+05
   2.3700000e-02   2.8583175e+05
   2.3800000e-02   2.8043418e+05
   2.3900000e-02   2.7367046e+05
   2.4000000e-02   2.6599837e+05
   2.4100000e-02   2.5790865e+05
   2.4200000e-02   2.4985772e+05
   2.4300000e-02   2.4221588e+05
   2.4400000e-02   2.3523859e+05
   2.4500000e-02   2.2906192e+05
   2.4600000e-02   2.2371739e+05
   2.4700000e-02   2.1915883e+05
   2.4800000e-02   2.1529280e+05
   2.4900000e-02   2.1200614e+05
   2.5000000e-02   2.0918666e+05
   2.5100000e-02   2.0673593e+05
   2.5200000e-02   2.0457479e+05
   2.5300000e-02   2.0264376e+05
   2.5400000e-02   2.0090037e+05
   2.5500000e-02   1.9931523e+05
   2.5600000e-02   1.9786811e+05
   2.5700000e-02   1.9654467e+05
   2.5800000e-02   1.9533407e+05
   2.5900000e-02   1.9422739e+05
   2.6000000e-02   1.9321667e+05
   2.6100000e-02   1.9229441e+05
   2.6200000e-02   1.9145339e+05
   2.6300000e-02   1.9068661e+05
   2.6400000e-02   1.8998729e+05
   2.6500000e-02   1.8934894e+05
   2.6600000e-02   1.8876546e+05
   2.6700000e-02   1.8823111e+05
   2.6800000e-02   1.8774062e+05
   2.6900000e-02   1.8728915e+05
   2.7000000e-02   1.8687235e+05
   2.7100000e-02   1.8648632e+05
   2.7200000e-02   1.8612758e+05
   2.7300000e-02   1.8579308e+05
   2.7400000e-02   1.8548016e+05
   2.7500000e-02   1.8518652e+05
   2.7600000e-02   1.8491015e+05
   2.7700000e-02   1.8464936e+05
   2.7800000e-02   1.8440267e+05
   2.7900000e-02   1.8416886e+05
   2.8000000e-02   1.8394686e+05
   2.8100000e-02   1.8373579e+05
   2.8200000e-02   1.8353489e+05
   2.8300000e-02   1.8334349e+05
   2.8400000e-02   1.8316106e+05
   2.8500000e-02   1.8298710e+05
   2.8600000e-02   1.8282120e+05
   2.8700000e-02   1.8266300e+05
   2.8800000e-02   1.8251215e+05
   2.8900000e-02   1.8236837e+05
   2.9000000e-02   1.8223137e+05
   2.9100000e-02   1.8210090e+05
   2.9200000e-02   1.8197672e+05
   2.9300000e-02   1.8185860e+05
   2.9400000e-02   1.8174633e+05
   2.9500000e-02   1.8163968e+05
   2.9600000e-02   1.8153846e+05
   2.9700000e-02   1.8144245e+05
   2.9800000e-02   1.8135147e+05
   2.9900000e-02   1.8126531e+05
   3.0000000e-02   1.8118379e+05
   3.0100000e-02   1.8110672e+05
   3.0200000e-02   1.8103392e+05
   3.0300000e-02   1.8096521e+05
   3.0400000e-02   1.8090041e+05
   3.0500000e-02   1.8083935e+05
   3.0600000e-02   1.8078187e+05
   3.0700000e-02   1.8072779e+05
   3.0800000e-02   1.8067695e+05
   3.0900000e-02   1.8062921e+05
   3.1000000e-02   1.8058442e+05
   3.1100000e-02   1.8054241e+05
   3.1200000e-02   1.8050306e+05
   3.1300000e-02   1.8046622e+05
   3.1400000e-02   1.8043177e+05
   3.1500000e-02   1.8039957e+05
   3.1600000e-02   1.8036950e+05
   3.1700000e-02   1.8034145e+05
   3.1800000e-02   1.8031530e+05
   3.1900000e-02   1.8029093e+05
   3.2000000e-02   1.8026826e+05
   3.2100000e-02   1.8024717e+05
   3.2200000e-02   1.8022758e+05
   3.2300000e-02   1.8020938e+05
   3.2400000e-02   1.8019250e+05
   3.2500000e-02   1.8017685e+05
   3.2600000e-02   1.8016236e+05
   3.2700000e-02   1.8014894e+05
   3.2800000e-02   1.8013654e+05
   3.2900000e-02   1.8012507e+05
   3.3000000e-02   1.8011449e+05
   3.3100000e-02   1.8010472e+05
   3.3200000e-02   1.8009572e+05
   3.3300000e-02   1.8008743e+05
   3.3400000e-02   1.8007980e+05
   3.3500000e-02   1.8000355e+05
