   1.0000000e-04   3.0000701e+04
   2.0000000e-04   3.0000828e+04
   3.0000000e-04   3.0000977e+04
   4.0000000e-04   3.0001151e+04
   5.0000000e-04   3.0001353e+04
   6.0000000e-04   3.0001588e+04
   7.0000000e-04   3.0001862e+04
   8.0000000e-04   3.0002178e+04
   9.0000000e-04   3.0002545e+04
   1.0000000e-03   3.0002968e+04
   1.1000000e-03   3.0003456e+04
   1.2000000e-03   3.0004018e+04
   1.3000000e-03   3.0004664e+04
   1.4000000e-03   3.0005405e+04
   1.5000000e-03   3.0006253e+04
   1.6000000e-03   3.0007223e+04
   1.7000000e-03   3.0008331e+04
   1.8000000e-03   3.0009592e+04
   1.9000000e-03   3.0011027e+04
   2.0000000e-03   3.0012655e+04
   2.1000000e-03   3.0014501e+04
   2.2000000e-03   3.0016590e+04
   2.3000000e-03   3.0018949e+04
   2.4000000e-03   3.0021608e+04
   2.5000000e-03   3.0024601e+04
   2.6000000e-03   3.0027964e+04
   2.7000000e-03   3.0031735e+04
   2.8000000e-03   3.0035956e+04
   2.9000000e-03   3.0040674e+04
   3.0000000e-03   3.0045936e+04
   3.1000000e-03   3.0051796e+04
   3.2000000e-03   3.0058309e+04
   3.3000000e-03   3.0065536e+04
   3.4000000e-03   3.0073539e+04
   3.5000000e-03   3.0082388e+04
   3.6000000e-03   3.0092152e+04
   3.7000000e-03   3.0102908e+04
   3.8000000e-03   3.0114735e+04
   3.9000000e-03   3.0127714e+04
   4.0000000e-03   3.0141934e+04
   4.1000000e-03   3.0157483e+04
   4.2000000e-03   3.0174454e+04
   4.3000000e-03   3.0192943e+04
   4.4000000e-03   3.0213048e+04
   4.5000000e-03   3.0234871e+04
   4.6000000e-03   3.0258512e+04
   4.7000000e-03   3.0284075e+04
   4.8000000e-03   3.0311665e+04
   4.9000000e-03   3.0341385e+04
   5.0000000e-03   3.0373340e+04
   5.1000000e-03   3.0407632e+04
   5.2000000e-03   3.0444363e+04
   5.3000000e-03   3.0483634e+04
   5.4000000e-03   3.0525543e+04
   5.5000000e-03   3.0570188e+04
   5.6000000e-03   3.0617667e+04
   5.7000000e-03   3.0668080e+04
   5.8000000e-03   3.0721535e+04
   5.9000000e-03   3.0778149e+04
   6.0000000e-03   3.0838061e+04
   6.1000000e-03   3.0901442e+04
   6.2000000e-03   3.0968509e+04
   6.3000000e-03   3.1039547e+04
   6.4000000e-03   3.1114940e+04
   6.5000000e-03   3.1195199e+04
   6.6000000e-03   3.1281007e+04
   6.7000000e-03   3.1373271e+04
   6.8000000e-03   3.1473173e+04
   6.9000000e-03   3.1582236e+04
   7.0000000e-03   3.1702384e+04
   7.1000000e-03   3.1836009e+04
   7.2000000e-03   3.1986014e+04
   7.3000000e-03   3.2155858e+04
   7.4000000e-03   3.2349557e+04
   7.5000000e-03   3.2571660e+04
   7.6000000e-03   3.2827171e+04
   7.7000000e-03   3.3121412e+04
   7.8000000e-03   3.3459824e+04
   7.9000000e-03   3.3847697e+04
   8.0000000e-03   3.4289831e+04
   8.1000000e-03   3.4790139e+04
   8.2000000e-03   3.5351209e+04
   8.3000000e-03   3.5973846e+04
   8.4000000e-03   3.6656639e+04
   8.5000000e-03   3.7395596e+04
   8.6000000e-03   3.8183961e+04
   8.7000000e-03   3.9012397e+04
   8.8000000e-03   3.9870003e+04
   8.9000000e-03   4.0746998e+04
   9.0000000e-03   4.1640409e+04
   9.1000000e-03   4.2563940e+04
   9.2000000e-03   4.3561320e+04
   9.3000000e-03   4.4717562e+04
   9.4000000e-03   4.6155746e+04
   9.5000000e-03   4.8003500e+04
   9.6000000e-03   5.0322002e+04
   9.7000000e-03   5.3015659e+04
   9.8000000e-03   5.5771623e+04
   9.9000000e-03   5.8088213e+04
   1.0000000e-02   5.9416172e+04
   1.0100000e-02   5.9365872e+04
   1.0200000e-02   5.7875606e+04
   1.0300000e-02   5.5243674e+04
   1.0400000e-02   5.2004555e+04
   1.0500000e-02   4.8721951e+04
   1.0600000e-02   4.5810243e+04
   1.0700000e-02   4.3459533e+04
   1.0800000e-02   4.1666443e+04
   1.0900000e-02   4.0319804e+04
   1.1000000e-02   3.9283791e+04
   1.1100000e-02   3.8447334e+04
   1.1200000e-02   3.7738586e+04
   1.1300000e-02   3.7118658e+04
   1.1400000e-02   3.6569142e+04
   1.1500000e-02   3.6081602e+04
   1.1600000e-02   3.5651219e+04
   1.1700000e-02   3.5273820e+04
   1.1800000e-02   3.4944867e+04
   1.1900000e-02   3.4659341e+04
   1.2000000e-02   3.4411945e+04
   1.2100000e-02   3.4197371e+04
   1.2200000e-02   3.4010532e+04
   1.2300000e-02   3.3846737e+04
   1.2400000e-02   3.3701803e+04
   1.2500000e-02   3.3572114e+04
   1.2600000e-02   3.3454632e+04
   1.2700000e-02   3.3346880e+04
   1.2800000e-02   3.3246895e+04
   1.2900000e-02   3.3153169e+04
   1.3000000e-02   3.3064589e+04
   1.3100000e-02   3.2980362e+04
   1.3200000e-02   3.2899962e+04
   1.3300000e-02   3.2823067e+04
   1.3400000e-02   3.2749512e+04
   1.3500000e-02   3.2679245e+04
   1.3600000e-02   3.2612299e+04
   1.3700000e-02   3.2548757e+04
   1.3800000e-02   3.2488736e+04
   1.3900000e-02   3.2432369e+04
   1.4000000e-02   3.2379793e+04
   1.4100000e-02   3.2331143e+04
   1.4200000e-02   3.2286543e+04
   1.4300000e-02   3.2246101e+04
   1.4400000e-02   3.2209910e+04
   1.4500000e-02   3.2178046e+04
   1.4600000e-02   3.2150562e+04
   1.4700000e-02   3.2127494e+04
   1.4800000e-02   3.2108859e+04
   1.4900000e-02   3.2094654e+04
   1.5000000e-02   3.2084858e+04
   1.5100000e-02   3.2079433e+04
   1.5200000e-02   3.2078324e+04
   1.5300000e-02   3.2081461e+04
   1.5400000e-02   3.2088760e+04
   1.5500000e-02   3.2100121e+04
   1.5600000e-02   3.2115435e+04
   1.5700000e-02   3.2134580e+04
   1.5800000e-02   3.2157422e+04
   1.5900000e-02   3.2183821e+04
   1.6000000e-02   3.2213626e+04
   1.6100000e-02   3.2246681e+04
   1.6200000e-02   3.2282822e+04
   1.6300000e-02   3.2321880e+04
   1.6400000e-02   3.2363683e+04
   1.6500000e-02   3.2408055e+04
   1.6600000e-02   3.2454818e+04
   1.6700000e-02   3.2503792e+04
   1.6800000e-02   3.2554797e+04
   1.6900000e-02   3.2607656e+04
   1.7000000e-02   3.2662193e+04
   1.7100000e-02   3.2718236e+04
   1.7200000e-02   3.2775617e+04
   1.7300000e-02   3.2834179e+04
   1.7400000e-02   3.2893769e+04
   1.7500000e-02   3.2954250e+04
   1.7600000e-02   3.3015498e+04
   1.7700000e-02   3.3077404e+04
   1.7800000e-02   3.3139884e+04
   1.7900000e-02   3.3202874e+04
   1.8000000e-02   3.3266342e+04
   1.8100000e-02   3.3330288e+04
   1.8200000e-02   3.3394751e+04
   1.8300000e-02   3.3459816e+04
   1.8400000e-02   3.3525617e+04
   1.8500000e-02   3.3592345e+04
   1.8600000e-02   3.3660252e+04
   1.8700000e-02   3.3729661e+04
   1.8800000e-02   3.3800968e+04
   1.8900000e-02   3.3874648e+04
   1.9000000e-02   3.3951261e+04
   1.9100000e-02   3.4031450e+04
   1.9200000e-02   3.4115947e+04
   1.9300000e-02   3.4205564e+04
   1.9400000e-02   3.4301199e+04
   1.9500000e-02   3.4403817e+04
   1.9600000e-02   3.4514448e+04
   1.9700000e-02   3.4634168e+04
   1.9800000e-02   3.4764076e+04
   1.9900000e-02   3.4905279e+04
   2.0000000e-02   3.5058856e+04
   2.0100000e-02   3.5225831e+04
   2.0200000e-02   3.5407134e+04
   2.0300000e-02   3.5603564e+04
   2.0400000e-02   3.5815746e+04
   2.0500000e-02   3.6044091e+04
   2.0600000e-02   3.6288752e+04
   2.0700000e-02   3.6549583e+04
   2.0800000e-02   3.6826104e+04
   2.0900000e-02   3.7117466e+04
   2.1000000e-02   3.7422433e+04
   2.1100000e-02   3.7739366e+04
   2.1200000e-02   3.8066233e+04
   2.1300000e-02   3.8400642e+04
   2.1400000e-02   3.8739914e+04
   2.1500000e-02   3.9081214e+04
   2.1600000e-02   3.9421773e+04
   2.1700000e-02   3.9759216e+04
   2.1800000e-02   4.0092046e+04
   2.1900000e-02   4.0420278e+04
   2.2000000e-02   4.0746202e+04
   2.2100000e-02   4.1075185e+04
   2.2200000e-02   4.1416308e+04
   2.2300000e-02   4.1782566e+04
   2.2400000e-02   4.2190252e+04
   2.2500000e-02   4.2657204e+04
   2.2600000e-02   4.3199697e+04
   2.2700000e-02   4.3828110e+04
   2.2800000e-02   4.4541906e+04
   2.2900000e-02   4.5324951e+04
   2.3000000e-02   4.6142491e+04
   2.3100000e-02   4.6941139e+04
   2.3200000e-02   4.7652745e+04
   2.3300000e-02   4.8202215e+04
   2.3400000e-02   4.8518222e+04
   2.3500000e-02   4.8544815e+04
   2.3600000e-02   4.8251384e+04
   2.3700000e-02   4.7638625e+04
   2.3800000e-02   4.6739029e+04
   2.3900000e-02   4.5611743e+04
   2.4000000e-02   4.4333061e+04
   2.4100000e-02   4.2984775e+04
   2.4200000e-02   4.1642954e+04
   2.4300000e-02   4.0369313e+04
   2.4400000e-02   3.9206432e+04
   2.4500000e-02   3.8176987e+04
   2.4600000e-02   3.7286232e+04
   2.4700000e-02   3.6526472e+04
   2.4800000e-02   3.5882134e+04
   2.4900000e-02   3.5334356e+04
   2.5000000e-02   3.4864444e+04
   2.5100000e-02   3.4455988e+04
   2.5200000e-02   3.4095798e+04
   2.5300000e-02   3.3773960e+04
   2.5400000e-02   3.3483395e+04
   2.5500000e-02   3.3219205e+04
   2.5600000e-02   3.2978018e+04
   2.5700000e-02   3.2757445e+04
   2.5800000e-02   3.2555679e+04
   2.5900000e-02   3.2371232e+04
   2.6000000e-02   3.2202778e+04
   2.6100000e-02   3.2049068e+04
   2.6200000e-02   3.1908899e+04
   2.6300000e-02   3.1781101e+04
   2.6400000e-02   3.1664548e+04
   2.6500000e-02   3.1558157e+04
   2.6600000e-02   3.1460910e+04
   2.6700000e-02   3.1371852e+04
   2.6800000e-02   3.1290103e+04
   2.6900000e-02   3.1214859e+04
   2.7000000e-02   3.1145392e+04
   2.7100000e-02   3.1081053e+04
   2.7200000e-02   3.1021263e+04
   2.7300000e-02   3.0965513e+04
   2.7400000e-02   3.0913361e+04
   2.7500000e-02   3.0864420e+04
   2.7600000e-02   3.0818359e+04
   2.7700000e-02   3.0774893e+04
   2.7800000e-02   3.0733779e+04
   2.7900000e-02   3.0694810e+04
   2.8000000e-02   3.0657811e+04
   2.8100000e-02   3.0622632e+04
   2.8200000e-02   3.0589148e+04
   2.8300000e-02   3.0557249e+04
   2.8400000e-02   3.0526843e+04
   2.8500000e-02   3.0497850e+04
   2.8600000e-02   3.0470200e+04
   2.8700000e-02   3.0443833e+04
   2.8800000e-02   3.0418692e+04
   2.8900000e-02   3.0394728e+04
   2.9000000e-02   3.0371894e+04
   2.9100000e-02   3.0350150e+04
   2.9200000e-02   3.0329454e+04
   2.9300000e-02   3.0309767e+04
   2.9400000e-02   3.0291055e+04
   2.9500000e-02   3.0273280e+04
   2.9600000e-02   3.0256409e+04
   2.9700000e-02   3.0240408e+04
   2.9800000e-02   3.0225244e+04
   2.9900000e-02   3.0210885e+04
   3.0000000e-02   3.0197299e+04
   3.0100000e-02   3.0184454e+04
   3.0200000e-02   3.0172321e+04
   3.0300000e-02   3.0160869e+04
   3.0400000e-02   3.0150069e+04
   3.0500000e-02   3.0139892e+04
   3.0600000e-02   3.0130311e+04
   3.0700000e-02   3.0121298e+04
   3.0800000e-02   3.0112826e+04
   3.0900000e-02   3.0104869e+04
   3.1000000e-02   3.0097403e+04
   3.1100000e-02   3.0090402e+04
   3.1200000e-02   3.0083843e+04
   3.1300000e-02   3.0077704e+04
   3.1400000e-02   3.0071961e+04
   3.1500000e-02   3.0066595e+04
   3.1600000e-02   3.0061584e+04
   3.1700000e-02   3.0056908e+04
   3.1800000e-02   3.0052549e+04
   3.1900000e-02   3.0048489e+04
   3.2000000e-02   3.0044710e+04
   3.2100000e-02   3.0041195e+04
   3.2200000e-02   3.0037929e+04
   3.2300000e-02   3.0034897e+04
   3.2400000e-02   3.0032083e+04
   3.2500000e-02   3.0029475e+04
   3.2600000e-02   3.0027060e+04
   3.2700000e-02   3.0024824e+04
   3.2800000e-02   3.0022756e+04
   3.2900000e-02   3.0020845e+04
   3.3000000e-02   3.0019081e+04
   3.3100000e-02   3.0017454e+04
   3.3200000e-02   3.0015953e+04
   3.3300000e-02   3.0014571e+04
   3.3400000e-02   3.0013299e+04
   3.3500000e-02   3.0000592e+04
