   1.0000000e-04   3.0002337e+03
   2.0000000e-04   3.0002761e+03
   3.0000000e-04   3.0003257e+03
   4.0000000e-04   3.0003836e+03
   5.0000000e-04   3.0004510e+03
   6.0000000e-04   3.0005294e+03
   7.0000000e-04   3.0006205e+03
   8.0000000e-04   3.0007261e+03
   9.0000000e-04   3.0008482e+03
   1.0000000e-03   3.0009893e+03
   1.1000000e-03   3.0011520e+03
   1.2000000e-03   3.0013393e+03
   1.3000000e-03   3.0015546e+03
   1.4000000e-03   3.0018016e+03
   1.5000000e-03   3.0020844e+03
   1.6000000e-03   3.0024078e+03
   1.7000000e-03   3.0027769e+03
   1.8000000e-03   3.0031973e+03
   1.9000000e-03   3.0036755e+03
   2.0000000e-03   3.0042185e+03
   2.1000000e-03   3.0048338e+03
   2.2000000e-03   3.0055300e+03
   2.3000000e-03   3.0063163e+03
   2.4000000e-03   3.0072028e+03
   2.5000000e-03   3.0082005e+03
   2.6000000e-03   3.0093213e+03
   2.7000000e-03   3.0105783e+03
   2.8000000e-03   3.0119854e+03
   2.9000000e-03   3.0135579e+03
   3.0000000e-03   3.0153120e+03
   3.1000000e-03   3.0172653e+03
   3.2000000e-03   3.0194363e+03
   3.3000000e-03   3.0218452e+03
   3.4000000e-03   3.0245131e+03
   3.5000000e-03   3.0274626e+03
   3.6000000e-03   3.0307174e+03
   3.7000000e-03   3.0343027e+03
   3.8000000e-03   3.0382449e+03
   3.9000000e-03   3.0425715e+03
   4.0000000e-03   3.0473113e+03
   4.1000000e-03   3.0524942e+03
   4.2000000e-03   3.0581513e+03
   4.3000000e-03   3.0643143e+03
   4.4000000e-03   3.0710161e+03
   4.5000000e-03   3.0782902e+03
   4.6000000e-03   3.0861705e+03
   4.7000000e-03   3.0946916e+03
   4.8000000e-03   3.1038882e+03
   4.9000000e-03   3.1137950e+03
   5.0000000e-03   3.1244466e+03
   5.1000000e-03   3.1358773e+03
   5.2000000e-03   3.1481212e+03
   5.3000000e-03   3.1612115e+03
   5.4000000e-03   3.1751811e+03
   5.5000000e-03   3.1900627e+03
   5.6000000e-03   3.2058890e+03
   5.7000000e-03   3.2226934e+03
   5.8000000e-03   3.2405115e+03
   5.9000000e-03   3.2593829e+03
   6.0000000e-03   3.2793537e+03
   6.1000000e-03   3.3004807e+03
   6.2000000e-03   3.3228362e+03
   6.3000000e-03   3.3465158e+03
   6.4000000e-03   3.3716467e+03
   6.5000000e-03   3.3983996e+03
   6.6000000e-03   3.4270024e+03
   6.7000000e-03   3.4577570e+03
   6.8000000e-03   3.4910577e+03
   6.9000000e-03   3.5274119e+03
   7.0000000e-03   3.5674615e+03
   7.1000000e-03   3.6120029e+03
   7.2000000e-03   3.6620046e+03
   7.3000000e-03   3.7186192e+03
   7.4000000e-03   3.7831856e+03
   7.5000000e-03   3.8572201e+03
   7.6000000e-03   3.9423904e+03
   7.7000000e-03   4.0404707e+03
   7.8000000e-03   4.1532747e+03
   7.9000000e-03   4.2825657e+03
   8.0000000e-03   4.4299437e+03
   8.1000000e-03   4.5967131e+03
   8.2000000e-03   4.7837364e+03
   8.3000000e-03   4.9912821e+03
   8.4000000e-03   5.2188796e+03
   8.5000000e-03   5.4651987e+03
   8.6000000e-03   5.7279869e+03
   8.7000000e-03   6.0041324e+03
   8.8000000e-03   6.2900009e+03
   8.9000000e-03   6.5823326e+03
   9.0000000e-03   6.8801363e+03
   9.1000000e-03   7.1879801e+03
   9.2000000e-03   7.5204401e+03
   9.3000000e-03   7.9058539e+03
   9.4000000e-03   8.3852488e+03
   9.5000000e-03   9.0011666e+03
   9.6000000e-03   9.7740007e+03
   9.7000000e-03   1.0671886e+04
   9.8000000e-03   1.1590541e+04
   9.9000000e-03   1.2362738e+04
   1.0000000e-02   1.2805391e+04
   1.0100000e-02   1.2788624e+04
   1.0200000e-02   1.2291869e+04
   1.0300000e-02   1.1414558e+04
   1.0400000e-02   1.0334852e+04
   1.0500000e-02   9.2406502e+03
   1.0600000e-02   8.2700810e+03
   1.0700000e-02   7.4865110e+03
   1.0800000e-02   6.8888142e+03
   1.0900000e-02   6.4399345e+03
   1.1000000e-02   6.0945969e+03
   1.1100000e-02   5.8157779e+03
   1.1200000e-02   5.5795288e+03
   1.1300000e-02   5.3728860e+03
   1.1400000e-02   5.1897139e+03
   1.1500000e-02   5.0272005e+03
   1.1600000e-02   4.8837396e+03
   1.1700000e-02   4.7579400e+03
   1.1800000e-02   4.6482890e+03
   1.1900000e-02   4.5531136e+03
   1.2000000e-02   4.4706483e+03
   1.2100000e-02   4.3991237e+03
   1.2200000e-02   4.3368441e+03
   1.2300000e-02   4.2822458e+03
   1.2400000e-02   4.2339344e+03
   1.2500000e-02   4.1907046e+03
   1.2600000e-02   4.1515440e+03
   1.2700000e-02   4.1156267e+03
   1.2800000e-02   4.0822982e+03
   1.2900000e-02   4.0510565e+03
   1.3000000e-02   4.0215296e+03
   1.3100000e-02   3.9934540e+03
   1.3200000e-02   3.9666540e+03
   1.3300000e-02   3.9410223e+03
   1.3400000e-02   3.9165038e+03
   1.3500000e-02   3.8930818e+03
   1.3600000e-02   3.8707664e+03
   1.3700000e-02   3.8495857e+03
   1.3800000e-02   3.8295786e+03
   1.3900000e-02   3.8107895e+03
   1.4000000e-02   3.7932644e+03
   1.4100000e-02   3.7770477e+03
   1.4200000e-02   3.7621808e+03
   1.4300000e-02   3.7487002e+03
   1.4400000e-02   3.7366368e+03
   1.4500000e-02   3.7260152e+03
   1.4600000e-02   3.7168539e+03
   1.4700000e-02   3.7091646e+03
   1.4800000e-02   3.7029529e+03
   1.4900000e-02   3.6982179e+03
   1.5000000e-02   3.6949525e+03
   1.5100000e-02   3.6931442e+03
   1.5200000e-02   3.6927746e+03
   1.5300000e-02   3.6938204e+03
   1.5400000e-02   3.6962532e+03
   1.5500000e-02   3.7000404e+03
   1.5600000e-02   3.7051451e+03
   1.5700000e-02   3.7115265e+03
   1.5800000e-02   3.7191407e+03
   1.5900000e-02   3.7279403e+03
   1.6000000e-02   3.7378754e+03
   1.6100000e-02   3.7488936e+03
   1.6200000e-02   3.7609405e+03
   1.6300000e-02   3.7739600e+03
   1.6400000e-02   3.7878944e+03
   1.6500000e-02   3.8026850e+03
   1.6600000e-02   3.8182726e+03
   1.6700000e-02   3.8345972e+03
   1.6800000e-02   3.8515991e+03
   1.6900000e-02   3.8692188e+03
   1.7000000e-02   3.8873978e+03
   1.7100000e-02   3.9060787e+03
   1.7200000e-02   3.9252058e+03
   1.7300000e-02   3.9447262e+03
   1.7400000e-02   3.9645897e+03
   1.7500000e-02   3.9847501e+03
   1.7600000e-02   4.0051659e+03
   1.7700000e-02   4.0258015e+03
   1.7800000e-02   4.0466279e+03
   1.7900000e-02   4.0676246e+03
   1.8000000e-02   4.0887806e+03
   1.8100000e-02   4.1100959e+03
   1.8200000e-02   4.1315838e+03
   1.8300000e-02   4.1532721e+03
   1.8400000e-02   4.1752058e+03
   1.8500000e-02   4.1974482e+03
   1.8600000e-02   4.2200839e+03
   1.8700000e-02   4.2432202e+03
   1.8800000e-02   4.2669892e+03
   1.8900000e-02   4.2915494e+03
   1.9000000e-02   4.3170871e+03
   1.9100000e-02   4.3438168e+03
   1.9200000e-02   4.3719822e+03
   1.9300000e-02   4.4018548e+03
   1.9400000e-02   4.4337329e+03
   1.9500000e-02   4.4679390e+03
   1.9600000e-02   4.5048162e+03
   1.9700000e-02   4.5447225e+03
   1.9800000e-02   4.5880254e+03
   1.9900000e-02   4.6350930e+03
   2.0000000e-02   4.6862855e+03
   2.0100000e-02   4.7419438e+03
   2.0200000e-02   4.8023782e+03
   2.0300000e-02   4.8678547e+03
   2.0400000e-02   4.9385821e+03
   2.0500000e-02   5.0146971e+03
   2.0600000e-02   5.0962506e+03
   2.0700000e-02   5.1831943e+03
   2.0800000e-02   5.2753678e+03
   2.0900000e-02   5.3724887e+03
   2.1000000e-02   5.4741443e+03
   2.1100000e-02   5.5797886e+03
   2.1200000e-02   5.6887443e+03
   2.1300000e-02   5.8002139e+03
   2.1400000e-02   5.9133045e+03
   2.1500000e-02   6.0270714e+03
   2.1600000e-02   6.1405910e+03
   2.1700000e-02   6.2530721e+03
   2.1800000e-02   6.3640154e+03
   2.1900000e-02   6.4734259e+03
   2.2000000e-02   6.5820673e+03
   2.2100000e-02   6.6917282e+03
   2.2200000e-02   6.8054361e+03
   2.2300000e-02   6.9275219e+03
   2.2400000e-02   7.0634173e+03
   2.2500000e-02   7.2190679e+03
   2.2600000e-02   7.3998991e+03
   2.2700000e-02   7.6093701e+03
   2.2800000e-02   7.8473022e+03
   2.2900000e-02   8.1083169e+03
   2.3000000e-02   8.3808303e+03
   2.3100000e-02   8.6470462e+03
   2.3200000e-02   8.8842484e+03
   2.3300000e-02   9.0674050e+03
   2.3400000e-02   9.1727407e+03
   2.3500000e-02   9.1816051e+03
   2.3600000e-02   9.0837947e+03
   2.3700000e-02   8.8795418e+03
   2.3800000e-02   8.5796764e+03
   2.3900000e-02   8.2039144e+03
   2.4000000e-02   7.7776871e+03
   2.4100000e-02   7.3282584e+03
   2.4200000e-02   6.8809845e+03
   2.4300000e-02   6.4564375e+03
   2.4400000e-02   6.0688108e+03
   2.4500000e-02   5.7256622e+03
   2.4600000e-02   5.4287440e+03
   2.4700000e-02   5.1754907e+03
   2.4800000e-02   4.9607113e+03
   2.4900000e-02   4.7781188e+03
   2.5000000e-02   4.6214813e+03
   2.5100000e-02   4.4853294e+03
   2.5200000e-02   4.3652659e+03
   2.5300000e-02   4.2579866e+03
   2.5400000e-02   4.1611318e+03
   2.5500000e-02   4.0730685e+03
   2.5600000e-02   3.9926728e+03
   2.5700000e-02   3.9191483e+03
   2.5800000e-02   3.8518930e+03
   2.5900000e-02   3.7904107e+03
   2.6000000e-02   3.7342593e+03
   2.6100000e-02   3.6830226e+03
   2.6200000e-02   3.6362995e+03
   2.6300000e-02   3.5937005e+03
   2.6400000e-02   3.5548492e+03
   2.6500000e-02   3.5193858e+03
   2.6600000e-02   3.4869701e+03
   2.6700000e-02   3.4572841e+03
   2.6800000e-02   3.4300344e+03
   2.6900000e-02   3.4049530e+03
   2.7000000e-02   3.3817975e+03
   2.7100000e-02   3.3603510e+03
   2.7200000e-02   3.3404208e+03
   2.7300000e-02   3.3218377e+03
   2.7400000e-02   3.3044535e+03
   2.7500000e-02   3.2881399e+03
   2.7600000e-02   3.2727862e+03
   2.7700000e-02   3.2582975e+03
   2.7800000e-02   3.2445929e+03
   2.7900000e-02   3.2316033e+03
   2.8000000e-02   3.2192703e+03
   2.8100000e-02   3.2075441e+03
   2.8200000e-02   3.1963825e+03
   2.8300000e-02   3.1857495e+03
   2.8400000e-02   3.1756142e+03
   2.8500000e-02   3.1659500e+03
   2.8600000e-02   3.1567335e+03
   2.8700000e-02   3.1479443e+03
   2.8800000e-02   3.1395639e+03
   2.8900000e-02   3.1315758e+03
   2.9000000e-02   3.1239648e+03
   2.9100000e-02   3.1167166e+03
   2.9200000e-02   3.1098178e+03
   2.9300000e-02   3.1032558e+03
   2.9400000e-02   3.0970183e+03
   2.9500000e-02   3.0910935e+03
   2.9600000e-02   3.0854698e+03
   2.9700000e-02   3.0801362e+03
   2.9800000e-02   3.0750815e+03
   2.9900000e-02   3.0702950e+03
   3.0000000e-02   3.0657662e+03
   3.0100000e-02   3.0614847e+03
   3.0200000e-02   3.0574403e+03
   3.0300000e-02   3.0536230e+03
   3.0400000e-02   3.0500230e+03
   3.0500000e-02   3.0466308e+03
   3.0600000e-02   3.0434370e+03
   3.0700000e-02   3.0404326e+03
   3.0800000e-02   3.0376086e+03
   3.0900000e-02   3.0349564e+03
   3.1000000e-02   3.0324675e+03
   3.1100000e-02   3.0301339e+03
   3.1200000e-02   3.0279477e+03
   3.1300000e-02   3.0259012e+03
   3.1400000e-02   3.0239871e+03
   3.1500000e-02   3.0221983e+03
   3.1600000e-02   3.0205279e+03
   3.1700000e-02   3.0189694e+03
   3.1800000e-02   3.0175165e+03
   3.1900000e-02   3.0161630e+03
   3.2000000e-02   3.0149033e+03
   3.2100000e-02   3.0137318e+03
   3.2200000e-02   3.0126431e+03
   3.2300000e-02   3.0116323e+03
   3.2400000e-02   3.0106945e+03
   3.2500000e-02   3.0098251e+03
   3.2600000e-02   3.0090198e+03
   3.2700000e-02   3.0082746e+03
   3.2800000e-02   3.0075853e+03
   3.2900000e-02   3.0069484e+03
   3.3000000e-02   3.0063604e+03
   3.3100000e-02   3.0058179e+03
   3.3200000e-02   3.0053177e+03
   3.3300000e-02   3.0048571e+03
   3.3400000e-02   3.0044331e+03
   3.3500000e-02   3.0001975e+03
