   1.0000000e-04   1.8001402e+04
   2.0000000e-04   1.8001657e+04
   3.0000000e-04   1.8001954e+04
   4.0000000e-04   1.8002302e+04
   5.0000000e-04   1.8002706e+04
   6.0000000e-04   1.8003177e+04
   7.0000000e-04   1.8003723e+04
   8.0000000e-04   1.8004356e+04
   9.0000000e-04   1.8005089e+04
   1.0000000e-03   1.8005936e+04
   1.1000000e-03   1.8006912e+04
   1.2000000e-03   1.8008036e+04
   1.3000000e-03   1.8009328e+04
   1.4000000e-03   1.8010810e+04
   1.5000000e-03   1.8012507e+04
   1.6000000e-03   1.8014447e+04
   1.7000000e-03   1.8016661e+04
   1.8000000e-03   1.8019184e+04
   1.9000000e-03   1.8022053e+04
   2.0000000e-03   1.8025311e+04
   2.1000000e-03   1.8029003e+04
   2.2000000e-03   1.8033180e+04
   2.3000000e-03   1.8037898e+04
   2.4000000e-03   1.8043217e+04
   2.5000000e-03   1.8049203e+04
   2.6000000e-03   1.8055928e+04
   2.7000000e-03   1.8063470e+04
   2.8000000e-03   1.8071912e+04
   2.9000000e-03   1.8081347e+04
   3.0000000e-03   1.8091872e+04
   3.1000000e-03   1.8103592e+04
   3.2000000e-03   1.8116618e+04
   3.3000000e-03   1.8131071e+04
   3.4000000e-03   1.8147079e+04
   3.5000000e-03   1.8164775e+04
   3.6000000e-03   1.8184304e+04
   3.7000000e-03   1.8205816e+04
   3.8000000e-03   1.8229469e+04
   3.9000000e-03   1.8255429e+04
   4.0000000e-03   1.8283868e+04
   4.1000000e-03   1.8314965e+04
   4.2000000e-03   1.8348908e+04
   4.3000000e-03   1.8385886e+04
   4.4000000e-03   1.8426097e+04
   4.5000000e-03   1.8469741e+04
   4.6000000e-03   1.8517023e+04
   4.7000000e-03   1.8568150e+04
   4.8000000e-03   1.8623329e+04
   4.9000000e-03   1.8682770e+04
   5.0000000e-03   1.8746679e+04
   5.1000000e-03   1.8815264e+04
   5.2000000e-03   1.8888727e+04
   5.3000000e-03   1.8967269e+04
   5.4000000e-03   1.9051087e+04
   5.5000000e-03   1.9140376e+04
   5.6000000e-03   1.9235334e+04
   5.7000000e-03   1.9336160e+04
   5.8000000e-03   1.9443069e+04
   5.9000000e-03   1.9556298e+04
   6.0000000e-03   1.9676122e+04
   6.1000000e-03   1.9802884e+04
   6.2000000e-03   1.9937017e+04
   6.3000000e-03   2.0079095e+04
   6.4000000e-03   2.0229880e+04
   6.5000000e-03   2.0390398e+04
   6.6000000e-03   2.0562015e+04
   6.7000000e-03   2.0746542e+04
   6.8000000e-03   2.0946346e+04
   6.9000000e-03   2.1164472e+04
   7.0000000e-03   2.1404769e+04
   7.1000000e-03   2.1672017e+04
   7.2000000e-03   2.1972028e+04
   7.3000000e-03   2.2311715e+04
   7.4000000e-03   2.2699114e+04
   7.5000000e-03   2.3143321e+04
   7.6000000e-03   2.3654342e+04
   7.7000000e-03   2.4242824e+04
   7.8000000e-03   2.4919648e+04
   7.9000000e-03   2.5695394e+04
   8.0000000e-03   2.6579662e+04
   8.1000000e-03   2.7580278e+04
   8.2000000e-03   2.8702418e+04
   8.3000000e-03   2.9947693e+04
   8.4000000e-03   3.1313278e+04
   8.5000000e-03   3.2791192e+04
   8.6000000e-03   3.4367921e+04
   8.7000000e-03   3.6024794e+04
   8.8000000e-03   3.7740006e+04
   8.9000000e-03   3.9493996e+04
   9.0000000e-03   4.1280818e+04
   9.1000000e-03   4.3127880e+04
   9.2000000e-03   4.5122641e+04
   9.3000000e-03   4.7435123e+04
   9.4000000e-03   5.0311493e+04
   9.5000000e-03   5.4007000e+04
   9.6000000e-03   5.8644004e+04
   9.7000000e-03   6.4031317e+04
   9.8000000e-03   6.9543246e+04
   9.9000000e-03   7.4176425e+04
   1.0000000e-02   7.6832344e+04
   1.0100000e-02   7.6731744e+04
   1.0200000e-02   7.3751212e+04
   1.0300000e-02   6.8487348e+04
   1.0400000e-02   6.2009110e+04
   1.0500000e-02   5.5443901e+04
   1.0600000e-02   4.9620486e+04
   1.0700000e-02   4.4919066e+04
   1.0800000e-02   4.1332885e+04
   1.0900000e-02   3.8639607e+04
   1.1000000e-02   3.6567582e+04
   1.1100000e-02   3.4894667e+04
   1.1200000e-02   3.3477173e+04
   1.1300000e-02   3.2237316e+04
   1.1400000e-02   3.1138284e+04
   1.1500000e-02   3.0163203e+04
   1.1600000e-02   2.9302437e+04
   1.1700000e-02   2.8547640e+04
   1.1800000e-02   2.7889734e+04
   1.1900000e-02   2.7318682e+04
   1.2000000e-02   2.6823890e+04
   1.2100000e-02   2.6394742e+04
   1.2200000e-02   2.6021065e+04
   1.2300000e-02   2.5693475e+04
   1.2400000e-02   2.5403607e+04
   1.2500000e-02   2.5144228e+04
   1.2600000e-02   2.4909264e+04
   1.2700000e-02   2.4693760e+04
   1.2800000e-02   2.4493789e+04
   1.2900000e-02   2.4306339e+04
   1.3000000e-02   2.4129177e+04
   1.3100000e-02   2.3960724e+04
   1.3200000e-02   2.3799924e+04
   1.3300000e-02   2.3646134e+04
   1.3400000e-02   2.3499023e+04
   1.3500000e-02   2.3358491e+04
   1.3600000e-02   2.3224599e+04
   1.3700000e-02   2.3097514e+04
   1.3800000e-02   2.2977472e+04
   1.3900000e-02   2.2864737e+04
   1.4000000e-02   2.2759586e+04
   1.4100000e-02   2.2662286e+04
   1.4200000e-02   2.2573085e+04
   1.4300000e-02   2.2492201e+04
   1.4400000e-02   2.2419821e+04
   1.4500000e-02   2.2356091e+04
   1.4600000e-02   2.2301123e+04
   1.4700000e-02   2.2254988e+04
   1.4800000e-02   2.2217718e+04
   1.4900000e-02   2.2189307e+04
   1.5000000e-02   2.2169715e+04
   1.5100000e-02   2.2158865e+04
   1.5200000e-02   2.2156648e+04
   1.5300000e-02   2.2162922e+04
   1.5400000e-02   2.2177519e+04
   1.5500000e-02   2.2200243e+04
   1.5600000e-02   2.2230871e+04
   1.5700000e-02   2.2269159e+04
   1.5800000e-02   2.2314844e+04
   1.5900000e-02   2.2367642e+04
   1.6000000e-02   2.2427252e+04
   1.6100000e-02   2.2493361e+04
   1.6200000e-02   2.2565643e+04
   1.6300000e-02   2.2643760e+04
   1.6400000e-02   2.2727366e+04
   1.6500000e-02   2.2816110e+04
   1.6600000e-02   2.2909635e+04
   1.6700000e-02   2.3007583e+04
   1.6800000e-02   2.3109594e+04
   1.6900000e-02   2.3215313e+04
   1.7000000e-02   2.3324387e+04
   1.7100000e-02   2.3436472e+04
   1.7200000e-02   2.3551235e+04
   1.7300000e-02   2.3668357e+04
   1.7400000e-02   2.3787538e+04
   1.7500000e-02   2.3908501e+04
   1.7600000e-02   2.4030996e+04
   1.7700000e-02   2.4154809e+04
   1.7800000e-02   2.4279768e+04
   1.7900000e-02   2.4405748e+04
   1.8000000e-02   2.4532683e+04
   1.8100000e-02   2.4660575e+04
   1.8200000e-02   2.4789503e+04
   1.8300000e-02   2.4919633e+04
   1.8400000e-02   2.5051235e+04
   1.8500000e-02   2.5184689e+04
   1.8600000e-02   2.5320503e+04
   1.8700000e-02   2.5459321e+04
   1.8800000e-02   2.5601935e+04
   1.8900000e-02   2.5749297e+04
   1.9000000e-02   2.5902522e+04
   1.9100000e-02   2.6062901e+04
   1.9200000e-02   2.6231893e+04
   1.9300000e-02   2.6411129e+04
   1.9400000e-02   2.6602397e+04
   1.9500000e-02   2.6807634e+04
   1.9600000e-02   2.7028897e+04
   1.9700000e-02   2.7268335e+04
   1.9800000e-02   2.7528152e+04
   1.9900000e-02   2.7810558e+04
   2.0000000e-02   2.8117713e+04
   2.0100000e-02   2.8451663e+04
   2.0200000e-02   2.8814269e+04
   2.0300000e-02   2.9207128e+04
   2.0400000e-02   2.9631492e+04
   2.0500000e-02   3.0088182e+04
   2.0600000e-02   3.0577504e+04
   2.0700000e-02   3.1099166e+04
   2.0800000e-02   3.1652207e+04
   2.0900000e-02   3.2234932e+04
   2.1000000e-02   3.2844866e+04
   2.1100000e-02   3.3478732e+04
   2.1200000e-02   3.4132466e+04
   2.1300000e-02   3.4801284e+04
   2.1400000e-02   3.5479827e+04
   2.1500000e-02   3.6162429e+04
   2.1600000e-02   3.6843546e+04
   2.1700000e-02   3.7518433e+04
   2.1800000e-02   3.8184093e+04
   2.1900000e-02   3.8840555e+04
   2.2000000e-02   3.9492404e+04
   2.2100000e-02   4.0150369e+04
   2.2200000e-02   4.0832617e+04
   2.2300000e-02   4.1565132e+04
   2.2400000e-02   4.2380504e+04
   2.2500000e-02   4.3314408e+04
   2.2600000e-02   4.4399395e+04
   2.2700000e-02   4.5656221e+04
   2.2800000e-02   4.7083813e+04
   2.2900000e-02   4.8649902e+04
   2.3000000e-02   5.0284982e+04
   2.3100000e-02   5.1882277e+04
   2.3200000e-02   5.3305490e+04
   2.3300000e-02   5.4404430e+04
   2.3400000e-02   5.5036444e+04
   2.3500000e-02   5.5089631e+04
   2.3600000e-02   5.4502768e+04
   2.3700000e-02   5.3277251e+04
   2.3800000e-02   5.1478059e+04
   2.3900000e-02   4.9223487e+04
   2.4000000e-02   4.6666122e+04
   2.4100000e-02   4.3969550e+04
   2.4200000e-02   4.1285907e+04
   2.4300000e-02   3.8738625e+04
   2.4400000e-02   3.6412865e+04
   2.4500000e-02   3.4353973e+04
   2.4600000e-02   3.2572464e+04
   2.4700000e-02   3.1052944e+04
   2.4800000e-02   2.9764268e+04
   2.4900000e-02   2.8668713e+04
   2.5000000e-02   2.7728888e+04
   2.5100000e-02   2.6911976e+04
   2.5200000e-02   2.6191595e+04
   2.5300000e-02   2.5547919e+04
   2.5400000e-02   2.4966791e+04
   2.5500000e-02   2.4438411e+04
   2.5600000e-02   2.3956037e+04
   2.5700000e-02   2.3514890e+04
   2.5800000e-02   2.3111358e+04
   2.5900000e-02   2.2742464e+04
   2.6000000e-02   2.2405556e+04
   2.6100000e-02   2.2098136e+04
   2.6200000e-02   2.1817797e+04
   2.6300000e-02   2.1562203e+04
   2.6400000e-02   2.1329095e+04
   2.6500000e-02   2.1116315e+04
   2.6600000e-02   2.0921820e+04
   2.6700000e-02   2.0743705e+04
   2.6800000e-02   2.0580207e+04
   2.6900000e-02   2.0429718e+04
   2.7000000e-02   2.0290785e+04
   2.7100000e-02   2.0162106e+04
   2.7200000e-02   2.0042525e+04
   2.7300000e-02   1.9931026e+04
   2.7400000e-02   1.9826721e+04
   2.7500000e-02   1.9728839e+04
   2.7600000e-02   1.9636717e+04
   2.7700000e-02   1.9549785e+04
   2.7800000e-02   1.9467557e+04
   2.7900000e-02   1.9389620e+04
   2.8000000e-02   1.9315622e+04
   2.8100000e-02   1.9245265e+04
   2.8200000e-02   1.9178295e+04
   2.8300000e-02   1.9114497e+04
   2.8400000e-02   1.9053685e+04
   2.8500000e-02   1.8995700e+04
   2.8600000e-02   1.8940401e+04
   2.8700000e-02   1.8887666e+04
   2.8800000e-02   1.8837383e+04
   2.8900000e-02   1.8789455e+04
   2.9000000e-02   1.8743789e+04
   2.9100000e-02   1.8700300e+04
   2.9200000e-02   1.8658907e+04
   2.9300000e-02   1.8619535e+04
   2.9400000e-02   1.8582110e+04
   2.9500000e-02   1.8546561e+04
   2.9600000e-02   1.8512819e+04
   2.9700000e-02   1.8480817e+04
   2.9800000e-02   1.8450489e+04
   2.9900000e-02   1.8421770e+04
   3.0000000e-02   1.8394597e+04
   3.0100000e-02   1.8368908e+04
   3.0200000e-02   1.8344642e+04
   3.0300000e-02   1.8321738e+04
   3.0400000e-02   1.8300138e+04
   3.0500000e-02   1.8279785e+04
   3.0600000e-02   1.8260622e+04
   3.0700000e-02   1.8242596e+04
   3.0800000e-02   1.8225651e+04
   3.0900000e-02   1.8209738e+04
   3.1000000e-02   1.8194805e+04
   3.1100000e-02   1.8180804e+04
   3.1200000e-02   1.8167686e+04
   3.1300000e-02   1.8155407e+04
   3.1400000e-02   1.8143923e+04
   3.1500000e-02   1.8133190e+04
   3.1600000e-02   1.8123168e+04
   3.1700000e-02   1.8113816e+04
   3.1800000e-02   1.8105099e+04
   3.1900000e-02   1.8096978e+04
   3.2000000e-02   1.8089420e+04
   3.2100000e-02   1.8082391e+04
   3.2200000e-02   1.8075859e+04
   3.2300000e-02   1.8069794e+04
   3.2400000e-02   1.8064167e+04
   3.2500000e-02   1.8058951e+04
   3.2600000e-02   1.8054119e+04
   3.2700000e-02   1.8049647e+04
   3.2800000e-02   1.8045512e+04
   3.2900000e-02   1.8041691e+04
   3.3000000e-02   1.8038162e+04
   3.3100000e-02   1.8034907e+04
   3.3200000e-02   1.8031906e+04
   3.3300000e-02   1.8029142e+04
   3.3400000e-02   1.8026599e+04
   3.3500000e-02   1.8001185e+04
