   1.0000000e-04   1.5000467e+04
   2.0000000e-04   1.5000552e+04
   3.0000000e-04   1.5000651e+04
   4.0000000e-04   1.5000767e+04
   5.0000000e-04   1.5000902e+04
   6.0000000e-04   1.5001059e+04
   7.0000000e-04   1.5001241e+04
   8.0000000e-04   1.5001452e+04
   9.0000000e-04   1.5001696e+04
   1.0000000e-03   1.5001979e+04
   1.1000000e-03   1.5002304e+04
   1.2000000e-03   1.5002679e+04
   1.3000000e-03   1.5003109e+04
   1.4000000e-03   1.5003603e+04
   1.5000000e-03   1.5004169e+04
   1.6000000e-03   1.5004816e+04
   1.7000000e-03   1.5005554e+04
   1.8000000e-03   1.5006395e+04
   1.9000000e-03   1.5007351e+04
   2.0000000e-03   1.5008437e+04
   2.1000000e-03   1.5009668e+04
   2.2000000e-03   1.5011060e+04
   2.3000000e-03   1.5012633e+04
   2.4000000e-03   1.5014406e+04
   2.5000000e-03   1.5016401e+04
   2.6000000e-03   1.5018643e+04
   2.7000000e-03   1.5021157e+04
   2.8000000e-03   1.5023971e+04
   2.9000000e-03   1.5027116e+04
   3.0000000e-03   1.5030624e+04
   3.1000000e-03   1.5034531e+04
   3.2000000e-03   1.5038873e+04
   3.3000000e-03   1.5043690e+04
   3.4000000e-03   1.5049026e+04
   3.5000000e-03   1.5054925e+04
   3.6000000e-03   1.5061435e+04
   3.7000000e-03   1.5068605e+04
   3.8000000e-03   1.5076490e+04
   3.9000000e-03   1.5085143e+04
   4.0000000e-03   1.5094623e+04
   4.1000000e-03   1.5104988e+04
   4.2000000e-03   1.5116303e+04
   4.3000000e-03   1.5128629e+04
   4.4000000e-03   1.5142032e+04
   4.5000000e-03   1.5156580e+04
   4.6000000e-03   1.5172341e+04
   4.7000000e-03   1.5189383e+04
   4.8000000e-03   1.5207776e+04
   4.9000000e-03   1.5227590e+04
   5.0000000e-03   1.5248893e+04
   5.1000000e-03   1.5271755e+04
   5.2000000e-03   1.5296242e+04
   5.3000000e-03   1.5322423e+04
   5.4000000e-03   1.5350362e+04
   5.5000000e-03   1.5380125e+04
   5.6000000e-03   1.5411778e+04
   5.7000000e-03   1.5445387e+04
   5.8000000e-03   1.5481023e+04
   5.9000000e-03   1.5518766e+04
   6.0000000e-03   1.5558707e+04
   6.1000000e-03   1.5600961e+04
   6.2000000e-03   1.5645672e+04
   6.3000000e-03   1.5693032e+04
   6.4000000e-03   1.5743293e+04
   6.5000000e-03   1.5796799e+04
   6.6000000e-03   1.5854005e+04
   6.7000000e-03   1.5915514e+04
   6.8000000e-03   1.5982115e+04
   6.9000000e-03   1.6054824e+04
   7.0000000e-03   1.6134923e+04
   7.1000000e-03   1.6224006e+04
   7.2000000e-03   1.6324009e+04
   7.3000000e-03   1.6437238e+04
   7.4000000e-03   1.6566371e+04
   7.5000000e-03   1.6714440e+04
   7.6000000e-03   1.6884781e+04
   7.7000000e-03   1.7080941e+04
   7.8000000e-03   1.7306549e+04
   7.9000000e-03   1.7565131e+04
   8.0000000e-03   1.7859887e+04
   8.1000000e-03   1.8193426e+04
   8.2000000e-03   1.8567473e+04
   8.3000000e-03   1.8982564e+04
   8.4000000e-03   1.9437759e+04
   8.5000000e-03   1.9930397e+04
   8.6000000e-03   2.0455974e+04
   8.7000000e-03   2.1008265e+04
   8.8000000e-03   2.1580002e+04
   8.9000000e-03   2.2164665e+04
   9.0000000e-03   2.2760273e+04
   9.1000000e-03   2.3375960e+04
   9.2000000e-03   2.4040880e+04
   9.3000000e-03   2.4811708e+04
   9.4000000e-03   2.5770498e+04
   9.5000000e-03   2.7002333e+04
   9.6000000e-03   2.8548001e+04
   9.7000000e-03   3.0343772e+04
   9.8000000e-03   3.2181082e+04
   9.9000000e-03   3.3725475e+04
   1.0000000e-02   3.4610781e+04
   1.0100000e-02   3.4577248e+04
   1.0200000e-02   3.3583737e+04
   1.0300000e-02   3.1829116e+04
   1.0400000e-02   2.9669703e+04
   1.0500000e-02   2.7481300e+04
   1.0600000e-02   2.5540162e+04
   1.0700000e-02   2.3973022e+04
   1.0800000e-02   2.2777628e+04
   1.0900000e-02   2.1879869e+04
   1.1000000e-02   2.1189194e+04
   1.1100000e-02   2.0631556e+04
   1.1200000e-02   2.0159058e+04
   1.1300000e-02   1.9745772e+04
   1.1400000e-02   1.9379428e+04
   1.1500000e-02   1.9054401e+04
   1.1600000e-02   1.8767479e+04
   1.1700000e-02   1.8515880e+04
   1.1800000e-02   1.8296578e+04
   1.1900000e-02   1.8106227e+04
   1.2000000e-02   1.7941297e+04
   1.2100000e-02   1.7798247e+04
   1.2200000e-02   1.7673688e+04
   1.2300000e-02   1.7564492e+04
   1.2400000e-02   1.7467869e+04
   1.2500000e-02   1.7381409e+04
   1.2600000e-02   1.7303088e+04
   1.2700000e-02   1.7231253e+04
   1.2800000e-02   1.7164596e+04
   1.2900000e-02   1.7102113e+04
   1.3000000e-02   1.7043059e+04
   1.3100000e-02   1.6986908e+04
   1.3200000e-02   1.6933308e+04
   1.3300000e-02   1.6882045e+04
   1.3400000e-02   1.6833008e+04
   1.3500000e-02   1.6786164e+04
   1.3600000e-02   1.6741533e+04
   1.3700000e-02   1.6699171e+04
   1.3800000e-02   1.6659157e+04
   1.3900000e-02   1.6621579e+04
   1.4000000e-02   1.6586529e+04
   1.4100000e-02   1.6554095e+04
   1.4200000e-02   1.6524362e+04
   1.4300000e-02   1.6497400e+04
   1.4400000e-02   1.6473274e+04
   1.4500000e-02   1.6452030e+04
   1.4600000e-02   1.6433708e+04
   1.4700000e-02   1.6418329e+04
   1.4800000e-02   1.6405906e+04
   1.4900000e-02   1.6396436e+04
   1.5000000e-02   1.6389905e+04
   1.5100000e-02   1.6386288e+04
   1.5200000e-02   1.6385549e+04
   1.5300000e-02   1.6387641e+04
   1.5400000e-02   1.6392506e+04
   1.5500000e-02   1.6400081e+04
   1.5600000e-02   1.6410290e+04
   1.5700000e-02   1.6423053e+04
   1.5800000e-02   1.6438281e+04
   1.5900000e-02   1.6455881e+04
   1.6000000e-02   1.6475751e+04
   1.6100000e-02   1.6497787e+04
   1.6200000e-02   1.6521881e+04
   1.6300000e-02   1.6547920e+04
   1.6400000e-02   1.6575789e+04
   1.6500000e-02   1.6605370e+04
   1.6600000e-02   1.6636545e+04
   1.6700000e-02   1.6669194e+04
   1.6800000e-02   1.6703198e+04
   1.6900000e-02   1.6738438e+04
   1.7000000e-02   1.6774796e+04
   1.7100000e-02   1.6812157e+04
   1.7200000e-02   1.6850412e+04
   1.7300000e-02   1.6889452e+04
   1.7400000e-02   1.6929179e+04
   1.7500000e-02   1.6969500e+04
   1.7600000e-02   1.7010332e+04
   1.7700000e-02   1.7051603e+04
   1.7800000e-02   1.7093256e+04
   1.7900000e-02   1.7135249e+04
   1.8000000e-02   1.7177561e+04
   1.8100000e-02   1.7220192e+04
   1.8200000e-02   1.7263168e+04
   1.8300000e-02   1.7306544e+04
   1.8400000e-02   1.7350412e+04
   1.8500000e-02   1.7394896e+04
   1.8600000e-02   1.7440168e+04
   1.8700000e-02   1.7486440e+04
   1.8800000e-02   1.7533978e+04
   1.8900000e-02   1.7583099e+04
   1.9000000e-02   1.7634174e+04
   1.9100000e-02   1.7687634e+04
   1.9200000e-02   1.7743964e+04
   1.9300000e-02   1.7803710e+04
   1.9400000e-02   1.7867466e+04
   1.9500000e-02   1.7935878e+04
   1.9600000e-02   1.8009632e+04
   1.9700000e-02   1.8089445e+04
   1.9800000e-02   1.8176051e+04
   1.9900000e-02   1.8270186e+04
   2.0000000e-02   1.8372571e+04
   2.0100000e-02   1.8483888e+04
   2.0200000e-02   1.8604756e+04
   2.0300000e-02   1.8735709e+04
   2.0400000e-02   1.8877164e+04
   2.0500000e-02   1.9029394e+04
   2.0600000e-02   1.9192501e+04
   2.0700000e-02   1.9366389e+04
   2.0800000e-02   1.9550736e+04
   2.0900000e-02   1.9744977e+04
   2.1000000e-02   1.9948289e+04
   2.1100000e-02   2.0159577e+04
   2.1200000e-02   2.0377489e+04
   2.1300000e-02   2.0600428e+04
   2.1400000e-02   2.0826609e+04
   2.1500000e-02   2.1054143e+04
   2.1600000e-02   2.1281182e+04
   2.1700000e-02   2.1506144e+04
   2.1800000e-02   2.1728031e+04
   2.1900000e-02   2.1946852e+04
   2.2000000e-02   2.2164135e+04
   2.2100000e-02   2.2383456e+04
   2.2200000e-02   2.2610872e+04
   2.2300000e-02   2.2855044e+04
   2.2400000e-02   2.3126835e+04
   2.2500000e-02   2.3438136e+04
   2.2600000e-02   2.3799798e+04
   2.2700000e-02   2.4218740e+04
   2.2800000e-02   2.4694604e+04
   2.2900000e-02   2.5216634e+04
   2.3000000e-02   2.5761661e+04
   2.3100000e-02   2.6294092e+04
   2.3200000e-02   2.6768497e+04
   2.3300000e-02   2.7134810e+04
   2.3400000e-02   2.7345481e+04
   2.3500000e-02   2.7363210e+04
   2.3600000e-02   2.7167589e+04
   2.3700000e-02   2.6759084e+04
   2.3800000e-02   2.6159353e+04
   2.3900000e-02   2.5407829e+04
   2.4000000e-02   2.4555374e+04
   2.4100000e-02   2.3656517e+04
   2.4200000e-02   2.2761969e+04
   2.4300000e-02   2.1912875e+04
   2.4400000e-02   2.1137622e+04
   2.4500000e-02   2.0451324e+04
   2.4600000e-02   1.9857488e+04
   2.4700000e-02   1.9350981e+04
   2.4800000e-02   1.8921423e+04
   2.4900000e-02   1.8556238e+04
   2.5000000e-02   1.8242963e+04
   2.5100000e-02   1.7970659e+04
   2.5200000e-02   1.7730532e+04
   2.5300000e-02   1.7515973e+04
   2.5400000e-02   1.7322264e+04
   2.5500000e-02   1.7146137e+04
   2.5600000e-02   1.6985346e+04
   2.5700000e-02   1.6838297e+04
   2.5800000e-02   1.6703786e+04
   2.5900000e-02   1.6580821e+04
   2.6000000e-02   1.6468519e+04
   2.6100000e-02   1.6366045e+04
   2.6200000e-02   1.6272599e+04
   2.6300000e-02   1.6187401e+04
   2.6400000e-02   1.6109698e+04
   2.6500000e-02   1.6038772e+04
   2.6600000e-02   1.5973940e+04
   2.6700000e-02   1.5914568e+04
   2.6800000e-02   1.5860069e+04
   2.6900000e-02   1.5809906e+04
   2.7000000e-02   1.5763595e+04
   2.7100000e-02   1.5720702e+04
   2.7200000e-02   1.5680842e+04
   2.7300000e-02   1.5643675e+04
   2.7400000e-02   1.5608907e+04
   2.7500000e-02   1.5576280e+04
   2.7600000e-02   1.5545572e+04
   2.7700000e-02   1.5516595e+04
   2.7800000e-02   1.5489186e+04
   2.7900000e-02   1.5463207e+04
   2.8000000e-02   1.5438541e+04
   2.8100000e-02   1.5415088e+04
   2.8200000e-02   1.5392765e+04
   2.8300000e-02   1.5371499e+04
   2.8400000e-02   1.5351228e+04
   2.8500000e-02   1.5331900e+04
   2.8600000e-02   1.5313467e+04
   2.8700000e-02   1.5295889e+04
   2.8800000e-02   1.5279128e+04
   2.8900000e-02   1.5263152e+04
   2.9000000e-02   1.5247930e+04
   2.9100000e-02   1.5233433e+04
   2.9200000e-02   1.5219636e+04
   2.9300000e-02   1.5206512e+04
   2.9400000e-02   1.5194037e+04
   2.9500000e-02   1.5182187e+04
   2.9600000e-02   1.5170940e+04
   2.9700000e-02   1.5160272e+04
   2.9800000e-02   1.5150163e+04
   2.9900000e-02   1.5140590e+04
   3.0000000e-02   1.5131532e+04
   3.0100000e-02   1.5122969e+04
   3.0200000e-02   1.5114881e+04
   3.0300000e-02   1.5107246e+04
   3.0400000e-02   1.5100046e+04
   3.0500000e-02   1.5093262e+04
   3.0600000e-02   1.5086874e+04
   3.0700000e-02   1.5080865e+04
   3.0800000e-02   1.5075217e+04
   3.0900000e-02   1.5069913e+04
   3.1000000e-02   1.5064935e+04
   3.1100000e-02   1.5060268e+04
   3.1200000e-02   1.5055895e+04
   3.1300000e-02   1.5051802e+04
   3.1400000e-02   1.5047974e+04
   3.1500000e-02   1.5044397e+04
   3.1600000e-02   1.5041056e+04
   3.1700000e-02   1.5037939e+04
   3.1800000e-02   1.5035033e+04
   3.1900000e-02   1.5032326e+04
   3.2000000e-02   1.5029807e+04
   3.2100000e-02   1.5027464e+04
   3.2200000e-02   1.5025286e+04
   3.2300000e-02   1.5023265e+04
   3.2400000e-02   1.5021389e+04
   3.2500000e-02   1.5019650e+04
   3.2600000e-02   1.5018040e+04
   3.2700000e-02   1.5016549e+04
   3.2800000e-02   1.5015171e+04
   3.2900000e-02   1.5013897e+04
   3.3000000e-02   1.5012721e+04
   3.3100000e-02   1.5011636e+04
   3.3200000e-02   1.5010635e+04
   3.3300000e-02   1.5009714e+04
   3.3400000e-02   1.5008866e+04
   3.3500000e-02   1.5000395e+04
