0.0001	0.070114319
0.0002	0.082838361
0.0003	0.097714033
0.0004	0.11507554
0.0005	0.13530372
0.0006	0.15883165
0.0007	0.18615082
0.0008	0.21781784
0.0009	0.25446175
0.001	0.29679196
0.0011	0.34560682
0.0012	0.40180285
0.0013	0.46638465
0.0014	0.54047551
0.0015	0.62532862
0.0016	0.72233907
0.0017	0.83305642
0.0018	0.95919794
0.0019	1.1026624
0.002	1.2655444
0.0021	1.4501493
0.0022	1.6590083
0.0023	1.8948939
0.0024	2.1608357
0.0025	2.460136
0.0026	2.7963852
0.0027	3.1734773
0.0028	3.5956244
0.0029	4.0673709
0.003	4.5936063
0.0031	5.1795773
0.0032	5.8308977
0.0033	6.5535573
0.0034	7.3539278
0.0035	8.238767
0.0036	9.2152196
0.0037	10.290815
0.0038	11.473463
0.0039	12.771442
0.004	14.193388
0.0041	15.748272
0.0042	17.445383
0.0043	19.294296
0.0044	21.30484
0.0045	23.487057
0.0046	25.851162
0.0047	28.407494
0.0048	31.166461
0.0049	34.13849
0.005	37.333969
0.0051	40.763198
0.0052	44.436347
0.0053	48.363436
0.0054	52.554334
0.0055	57.018819
0.0056	61.766694
0.0057	66.808018
0.0058	72.153462
0.0059	77.81488
0.006	83.806123
0.0061	90.144202
0.0062	96.850873
0.0063	103.95475
0.0064	111.49402
0.0065	119.51988
0.0066	128.10073
0.0067	137.3271
0.0068	147.31731
0.0069	158.22358
0.007	170.23845
0.0071	183.60086
0.0072	198.60139
0.0073	215.58575
0.0074	234.95568
0.0075	257.16603
0.0076	282.71712
0.0077	312.14121
0.0078	345.98242
0.0079	384.76971
0.008	428.9831
0.0081	479.01392
0.0082	535.12091
0.0083	597.38464
0.0084	665.66389
0.0085	739.55962
0.0086	818.39607
0.0087	901.23972
0.0088	987.00028
0.0089	1074.6998
0.009	1164.0409
0.0091	1256.394
0.0092	1356.132
0.0093	1471.7562
0.0094	1615.5746
0.0095	1800.35
0.0096	2032.2002
0.0097	2301.5659
0.0098	2577.1623
0.0099	2808.8213
0.01	2941.6172
0.0101	2936.5872
0.0102	2787.5606
0.0103	2524.3674
0.0104	2200.4555
0.0105	1872.1951
0.0106	1581.0243
0.0107	1345.9533
0.0108	1166.6443
0.0109	1031.9804
0.011	928.37908
0.0111	844.73336
0.0112	773.85864
0.0113	711.86581
0.0114	656.91418
0.0115	608.16016
0.0116	565.12187
0.0117	527.38201
0.0118	494.48671
0.0119	465.93408
0.012	441.19449
0.0121	419.73711
0.0122	401.05323
0.0123	384.67373
0.0124	370.18033
0.0125	357.21138
0.0126	345.46319
0.0127	334.688
0.0128	324.68947
0.0129	315.31695
0.013	306.45887
0.0131	298.03621
0.0132	289.99621
0.0133	282.3067
0.0134	274.95115
0.0135	267.92455
0.0136	261.22993
0.0137	254.87572
0.0138	248.87359
0.0139	243.23686
0.014	237.97931
0.0141	233.11432
0.0142	228.65425
0.0143	224.61007
0.0144	220.99103
0.0145	217.80455
0.0146	215.05616
0.0147	212.74939
0.0148	210.88588
0.0149	209.46536
0.015	208.48576
0.0151	207.94326
0.0152	207.83238
0.0153	208.14611
0.0154	208.87596
0.0155	210.01213
0.0156	211.54353
0.0157	213.45796
0.0158	215.7422
0.0159	218.38208
0.016	221.36261
0.0161	224.66807
0.0162	228.28215
0.0163	232.18799
0.0164	236.36831
0.0165	240.80551
0.0166	245.48177
0.0167	250.37915
0.0168	255.47972
0.0169	260.76565
0.017	266.21934
0.0171	271.8236
0.0172	277.56175
0.0173	283.41786
0.0174	289.37691
0.0175	295.42503
0.0176	301.54978
0.0177	307.74045
0.0178	313.98838
0.0179	320.28739
0.018	326.63417
0.0181	333.02877
0.0182	339.47513
0.0183	345.98164
0.0184	352.56173
0.0185	359.23446
0.0186	366.02517
0.0187	372.96606
0.0188	380.09676
0.0189	387.46483
0.019	395.12612
0.0191	403.14505
0.0192	411.59466
0.0193	420.55643
0.0194	430.11987
0.0195	440.38171
0.0196	451.44485
0.0197	463.41675
0.0198	476.40761
0.0199	490.52791
0.02	505.88565
0.0201	522.58315
0.0202	540.71345
0.0203	560.35641
0.0204	581.57462
0.0205	604.40912
0.0206	628.87519
0.0207	654.9583
0.0208	682.61035
0.0209	711.7466
0.021	742.24329
0.0211	773.93658
0.0212	806.62329
0.0213	840.06418
0.0214	873.99136
0.0215	908.12143
0.0216	942.17731
0.0217	975.92163
0.0218	1009.2046
0.0219	1042.0278
0.022	1074.6202
0.0221	1107.5185
0.0222	1141.6308
0.0223	1178.2566
0.0224	1219.0252
0.0225	1265.7204
0.0226	1319.9697
0.0227	1382.811
0.0228	1454.1906
0.0229	1532.4951
0.023	1614.2491
0.0231	1694.1139
0.0232	1765.2745
0.0233	1820.2215
0.0234	1851.8222
0.0235	1854.4815
0.0236	1825.1384
0.0237	1763.8625
0.0238	1673.9029
0.0239	1561.1743
0.024	1433.3061
0.0241	1298.4775
0.0242	1164.2954
0.0243	1036.9313
0.0244	920.64323
0.0245	817.69866
0.0246	728.6232
0.0247	652.64721
0.0248	588.21339
0.0249	533.43563
0.025	486.44439
0.0251	445.59882
0.0252	409.57976
0.0253	377.39597
0.0254	348.33953
0.0255	321.92054
0.0256	297.80183
0.0257	275.74449
0.0258	255.56789
0.0259	237.12322
0.026	220.27778
0.0261	204.90679
0.0262	190.88986
0.0263	178.11015
0.0264	166.45477
0.0265	155.81575
0.0266	146.09102
0.0267	137.18523
0.0268	129.01033
0.0269	121.4859
0.027	114.53925
0.0271	108.10529
0.0272	102.12625
0.0273	96.551307
0.0274	91.336051
0.0275	86.44197
0.0276	81.835863
0.0277	77.489262
0.0278	73.377865
0.0279	69.480992
0.028	65.781082
0.0281	62.263225
0.0282	58.914752
0.0283	55.724855
0.0284	52.68427
0.0285	49.784995
0.0286	47.020049
0.0287	44.383276
0.0288	41.869172
0.0289	39.472753
0.029	37.189442
0.0291	35.014979
0.0292	32.945353
0.0293	30.976745
0.0294	29.105489
0.0295	27.32804
0.0296	25.640948
0.0297	24.040849
0.0298	22.524447
0.0299	21.08851
0.03	19.729869
0.0301	18.445411
0.0302	17.232082
0.0303	16.086889
0.0304	15.006898
0.0305	13.98924
0.0306	13.031112
0.0307	12.129778
0.0308	11.282574
0.0309	10.486905
0.031	9.7402544
0.0311	9.0401789
0.0312	8.3843129
0.0313	7.770369
0.0314	7.1961384
0.0315	6.6594914
0.0316	6.1583773
0.0317	5.6908246
0.0318	5.2549401
0.0319	4.8489088
0.032	4.4709923
0.0321	4.1195284
0.0322	3.7929292
0.0323	3.4896802
0.0324	3.2083386
0.0325	2.9475313
0.0326	2.7059534
0.0327	2.4823662
0.0328	2.2755955
0.0329	2.084529
0.033	1.9081147
0.0331	1.7453586
0.0332	1.5953226
0.0333	1.4571224
0.0334	1.3299252
0.0335	0.059249219
